
=================================================================
Variant : Fingerprint-only  |  10-shot
Dataset : sider  |  K_shot=10
Tasks   : ['Renal and urinary disorders', 'Pregnancy, puerperium and perinatal conditions', 'Ear and labyrinth disorders', 'Cardiac disorders', 'Nervous system disorders', 'Injury, poisoning and procedural complications']
=================================================================
Results: 	[[0.8219], [0.7859], [0.7947], [0.8696], [0.8851], [0.8168]]
Results: 	[[0.8219, 0.8285], [0.7859, 0.6201], [0.7947, 0.7733], [0.8696, 0.8504], [0.8851, 0.8938], [0.8168, 0.8131]]
Results: 	[[0.8219, 0.8285, 0.8277], [0.7859, 0.6201, 0.7791], [0.7947, 0.7733, 0.7969], [0.8696, 0.8504, 0.8467], [0.8851, 0.8938, 0.8782], [0.8168, 0.8131, 0.7422]]
Results: 	[[0.8219, 0.8285, 0.8277, 0.7921], [0.7859, 0.6201, 0.7791, 0.7636], [0.7947, 0.7733, 0.7969, 0.8089], [0.8696, 0.8504, 0.8467, 0.8177], [0.8851, 0.8938, 0.8782, 0.8918], [0.8168, 0.8131, 0.7422, 0.7362]]
Results: 	[[0.8219, 0.8285, 0.8277, 0.7921, 0.8017], [0.7859, 0.6201, 0.7791, 0.7636, 0.7723], [0.7947, 0.7733, 0.7969, 0.8089, 0.7998], [0.8696, 0.8504, 0.8467, 0.8177, 0.8448], [0.8851, 0.8938, 0.8782, 0.8918, 0.8953], [0.8168, 0.8131, 0.7422, 0.7362, 0.7977]]
Results: 	[[0.8219, 0.8285, 0.8277, 0.7921, 0.8017, 0.8178], [0.7859, 0.6201, 0.7791, 0.7636, 0.7723, 0.793], [0.7947, 0.7733, 0.7969, 0.8089, 0.7998, 0.7149], [0.8696, 0.8504, 0.8467, 0.8177, 0.8448, 0.8525], [0.8851, 0.8938, 0.8782, 0.8918, 0.8953, 0.8879], [0.8168, 0.8131, 0.7422, 0.7362, 0.7977, 0.7997]]
Results: 	[[0.8219, 0.8285, 0.8277, 0.7921, 0.8017, 0.8178, 0.8285], [0.7859, 0.6201, 0.7791, 0.7636, 0.7723, 0.793, 0.8041], [0.7947, 0.7733, 0.7969, 0.8089, 0.7998, 0.7149, 0.78], [0.8696, 0.8504, 0.8467, 0.8177, 0.8448, 0.8525, 0.8598], [0.8851, 0.8938, 0.8782, 0.8918, 0.8953, 0.8879, 0.8989], [0.8168, 0.8131, 0.7422, 0.7362, 0.7977, 0.7997, 0.8114]]
Results: 	[[0.8219, 0.8285, 0.8277, 0.7921, 0.8017, 0.8178, 0.8285, 0.8274], [0.7859, 0.6201, 0.7791, 0.7636, 0.7723, 0.793, 0.8041, 0.7705], [0.7947, 0.7733, 0.7969, 0.8089, 0.7998, 0.7149, 0.78, 0.8158], [0.8696, 0.8504, 0.8467, 0.8177, 0.8448, 0.8525, 0.8598, 0.835], [0.8851, 0.8938, 0.8782, 0.8918, 0.8953, 0.8879, 0.8989, 0.8865], [0.8168, 0.8131, 0.7422, 0.7362, 0.7977, 0.7997, 0.8114, 0.8149]]
Results: 	[[0.8219, 0.8285, 0.8277, 0.7921, 0.8017, 0.8178, 0.8285, 0.8274, 0.6625], [0.7859, 0.6201, 0.7791, 0.7636, 0.7723, 0.793, 0.8041, 0.7705, 0.7755], [0.7947, 0.7733, 0.7969, 0.8089, 0.7998, 0.7149, 0.78, 0.8158, 0.7965], [0.8696, 0.8504, 0.8467, 0.8177, 0.8448, 0.8525, 0.8598, 0.835, 0.8152], [0.8851, 0.8938, 0.8782, 0.8918, 0.8953, 0.8879, 0.8989, 0.8865, 0.8864], [0.8168, 0.8131, 0.7422, 0.7362, 0.7977, 0.7997, 0.8114, 0.8149, 0.7926]]
Results: 	[[0.8219, 0.8285, 0.8277, 0.7921, 0.8017, 0.8178, 0.8285, 0.8274, 0.6625, 0.8314], [0.7859, 0.6201, 0.7791, 0.7636, 0.7723, 0.793, 0.8041, 0.7705, 0.7755, 0.781], [0.7947, 0.7733, 0.7969, 0.8089, 0.7998, 0.7149, 0.78, 0.8158, 0.7965, 0.8074], [0.8696, 0.8504, 0.8467, 0.8177, 0.8448, 0.8525, 0.8598, 0.835, 0.8152, 0.8329], [0.8851, 0.8938, 0.8782, 0.8918, 0.8953, 0.8879, 0.8989, 0.8865, 0.8864, 0.8985], [0.8168, 0.8131, 0.7422, 0.7362, 0.7977, 0.7997, 0.8114, 0.8149, 0.7926, 0.8102]]
Results: 	[[0.8219, 0.8285, 0.8277, 0.7921, 0.8017, 0.8178, 0.8285, 0.8274, 0.6625, 0.8314, 0.8229], [0.7859, 0.6201, 0.7791, 0.7636, 0.7723, 0.793, 0.8041, 0.7705, 0.7755, 0.781, 0.7733], [0.7947, 0.7733, 0.7969, 0.8089, 0.7998, 0.7149, 0.78, 0.8158, 0.7965, 0.8074, 0.8051], [0.8696, 0.8504, 0.8467, 0.8177, 0.8448, 0.8525, 0.8598, 0.835, 0.8152, 0.8329, 0.8481], [0.8851, 0.8938, 0.8782, 0.8918, 0.8953, 0.8879, 0.8989, 0.8865, 0.8864, 0.8985, 0.8975], [0.8168, 0.8131, 0.7422, 0.7362, 0.7977, 0.7997, 0.8114, 0.8149, 0.7926, 0.8102, 0.8016]]
Results: 	[[0.8219, 0.8285, 0.8277, 0.7921, 0.8017, 0.8178, 0.8285, 0.8274, 0.6625, 0.8314, 0.8229, 0.809], [0.7859, 0.6201, 0.7791, 0.7636, 0.7723, 0.793, 0.8041, 0.7705, 0.7755, 0.781, 0.7733, 0.7827], [0.7947, 0.7733, 0.7969, 0.8089, 0.7998, 0.7149, 0.78, 0.8158, 0.7965, 0.8074, 0.8051, 0.7729], [0.8696, 0.8504, 0.8467, 0.8177, 0.8448, 0.8525, 0.8598, 0.835, 0.8152, 0.8329, 0.8481, 0.8294], [0.8851, 0.8938, 0.8782, 0.8918, 0.8953, 0.8879, 0.8989, 0.8865, 0.8864, 0.8985, 0.8975, 0.7853], [0.8168, 0.8131, 0.7422, 0.7362, 0.7977, 0.7997, 0.8114, 0.8149, 0.7926, 0.8102, 0.8016, 0.8153]]
Results: 	[[0.8219, 0.8285, 0.8277, 0.7921, 0.8017, 0.8178, 0.8285, 0.8274, 0.6625, 0.8314, 0.8229, 0.809, 0.8105], [0.7859, 0.6201, 0.7791, 0.7636, 0.7723, 0.793, 0.8041, 0.7705, 0.7755, 0.781, 0.7733, 0.7827, 0.7627], [0.7947, 0.7733, 0.7969, 0.8089, 0.7998, 0.7149, 0.78, 0.8158, 0.7965, 0.8074, 0.8051, 0.7729, 0.7981], [0.8696, 0.8504, 0.8467, 0.8177, 0.8448, 0.8525, 0.8598, 0.835, 0.8152, 0.8329, 0.8481, 0.8294, 0.8539], [0.8851, 0.8938, 0.8782, 0.8918, 0.8953, 0.8879, 0.8989, 0.8865, 0.8864, 0.8985, 0.8975, 0.7853, 0.8907], [0.8168, 0.8131, 0.7422, 0.7362, 0.7977, 0.7997, 0.8114, 0.8149, 0.7926, 0.8102, 0.8016, 0.8153, 0.5064]]
Results: 	[[0.8219, 0.8285, 0.8277, 0.7921, 0.8017, 0.8178, 0.8285, 0.8274, 0.6625, 0.8314, 0.8229, 0.809, 0.8105, 0.8047], [0.7859, 0.6201, 0.7791, 0.7636, 0.7723, 0.793, 0.8041, 0.7705, 0.7755, 0.781, 0.7733, 0.7827, 0.7627, 0.7982], [0.7947, 0.7733, 0.7969, 0.8089, 0.7998, 0.7149, 0.78, 0.8158, 0.7965, 0.8074, 0.8051, 0.7729, 0.7981, 0.7944], [0.8696, 0.8504, 0.8467, 0.8177, 0.8448, 0.8525, 0.8598, 0.835, 0.8152, 0.8329, 0.8481, 0.8294, 0.8539, 0.8175], [0.8851, 0.8938, 0.8782, 0.8918, 0.8953, 0.8879, 0.8989, 0.8865, 0.8864, 0.8985, 0.8975, 0.7853, 0.8907, 0.8805], [0.8168, 0.8131, 0.7422, 0.7362, 0.7977, 0.7997, 0.8114, 0.8149, 0.7926, 0.8102, 0.8016, 0.8153, 0.5064, 0.7978]]
Results: 	[[0.8219, 0.8285, 0.8277, 0.7921, 0.8017, 0.8178, 0.8285, 0.8274, 0.6625, 0.8314, 0.8229, 0.809, 0.8105, 0.8047, 0.8337], [0.7859, 0.6201, 0.7791, 0.7636, 0.7723, 0.793, 0.8041, 0.7705, 0.7755, 0.781, 0.7733, 0.7827, 0.7627, 0.7982, 0.8], [0.7947, 0.7733, 0.7969, 0.8089, 0.7998, 0.7149, 0.78, 0.8158, 0.7965, 0.8074, 0.8051, 0.7729, 0.7981, 0.7944, 0.8075], [0.8696, 0.8504, 0.8467, 0.8177, 0.8448, 0.8525, 0.8598, 0.835, 0.8152, 0.8329, 0.8481, 0.8294, 0.8539, 0.8175, 0.8451], [0.8851, 0.8938, 0.8782, 0.8918, 0.8953, 0.8879, 0.8989, 0.8865, 0.8864, 0.8985, 0.8975, 0.7853, 0.8907, 0.8805, 0.8946], [0.8168, 0.8131, 0.7422, 0.7362, 0.7977, 0.7997, 0.8114, 0.8149, 0.7926, 0.8102, 0.8016, 0.8153, 0.5064, 0.7978, 0.8103]]
Results: 	[[0.8219, 0.8285, 0.8277, 0.7921, 0.8017, 0.8178, 0.8285, 0.8274, 0.6625, 0.8314, 0.8229, 0.809, 0.8105, 0.8047, 0.8337, 0.8301], [0.7859, 0.6201, 0.7791, 0.7636, 0.7723, 0.793, 0.8041, 0.7705, 0.7755, 0.781, 0.7733, 0.7827, 0.7627, 0.7982, 0.8, 0.7549], [0.7947, 0.7733, 0.7969, 0.8089, 0.7998, 0.7149, 0.78, 0.8158, 0.7965, 0.8074, 0.8051, 0.7729, 0.7981, 0.7944, 0.8075, 0.797], [0.8696, 0.8504, 0.8467, 0.8177, 0.8448, 0.8525, 0.8598, 0.835, 0.8152, 0.8329, 0.8481, 0.8294, 0.8539, 0.8175, 0.8451, 0.8135], [0.8851, 0.8938, 0.8782, 0.8918, 0.8953, 0.8879, 0.8989, 0.8865, 0.8864, 0.8985, 0.8975, 0.7853, 0.8907, 0.8805, 0.8946, 0.8916], [0.8168, 0.8131, 0.7422, 0.7362, 0.7977, 0.7997, 0.8114, 0.8149, 0.7926, 0.8102, 0.8016, 0.8153, 0.5064, 0.7978, 0.8103, 0.7919]]
Results: 	[[0.8219, 0.8285, 0.8277, 0.7921, 0.8017, 0.8178, 0.8285, 0.8274, 0.6625, 0.8314, 0.8229, 0.809, 0.8105, 0.8047, 0.8337, 0.8301, 0.8127], [0.7859, 0.6201, 0.7791, 0.7636, 0.7723, 0.793, 0.8041, 0.7705, 0.7755, 0.781, 0.7733, 0.7827, 0.7627, 0.7982, 0.8, 0.7549, 0.7611], [0.7947, 0.7733, 0.7969, 0.8089, 0.7998, 0.7149, 0.78, 0.8158, 0.7965, 0.8074, 0.8051, 0.7729, 0.7981, 0.7944, 0.8075, 0.797, 0.7722], [0.8696, 0.8504, 0.8467, 0.8177, 0.8448, 0.8525, 0.8598, 0.835, 0.8152, 0.8329, 0.8481, 0.8294, 0.8539, 0.8175, 0.8451, 0.8135, 0.8555], [0.8851, 0.8938, 0.8782, 0.8918, 0.8953, 0.8879, 0.8989, 0.8865, 0.8864, 0.8985, 0.8975, 0.7853, 0.8907, 0.8805, 0.8946, 0.8916, 0.8816], [0.8168, 0.8131, 0.7422, 0.7362, 0.7977, 0.7997, 0.8114, 0.8149, 0.7926, 0.8102, 0.8016, 0.8153, 0.5064, 0.7978, 0.8103, 0.7919, 0.8066]]
Results: 	[[0.8219, 0.8285, 0.8277, 0.7921, 0.8017, 0.8178, 0.8285, 0.8274, 0.6625, 0.8314, 0.8229, 0.809, 0.8105, 0.8047, 0.8337, 0.8301, 0.8127, 0.8201], [0.7859, 0.6201, 0.7791, 0.7636, 0.7723, 0.793, 0.8041, 0.7705, 0.7755, 0.781, 0.7733, 0.7827, 0.7627, 0.7982, 0.8, 0.7549, 0.7611, 0.7688], [0.7947, 0.7733, 0.7969, 0.8089, 0.7998, 0.7149, 0.78, 0.8158, 0.7965, 0.8074, 0.8051, 0.7729, 0.7981, 0.7944, 0.8075, 0.797, 0.7722, 0.7966], [0.8696, 0.8504, 0.8467, 0.8177, 0.8448, 0.8525, 0.8598, 0.835, 0.8152, 0.8329, 0.8481, 0.8294, 0.8539, 0.8175, 0.8451, 0.8135, 0.8555, 0.8563], [0.8851, 0.8938, 0.8782, 0.8918, 0.8953, 0.8879, 0.8989, 0.8865, 0.8864, 0.8985, 0.8975, 0.7853, 0.8907, 0.8805, 0.8946, 0.8916, 0.8816, 0.8817], [0.8168, 0.8131, 0.7422, 0.7362, 0.7977, 0.7997, 0.8114, 0.8149, 0.7926, 0.8102, 0.8016, 0.8153, 0.5064, 0.7978, 0.8103, 0.7919, 0.8066, 0.8122]]
Results: 	[[0.8219, 0.8285, 0.8277, 0.7921, 0.8017, 0.8178, 0.8285, 0.8274, 0.6625, 0.8314, 0.8229, 0.809, 0.8105, 0.8047, 0.8337, 0.8301, 0.8127, 0.8201, 0.8122], [0.7859, 0.6201, 0.7791, 0.7636, 0.7723, 0.793, 0.8041, 0.7705, 0.7755, 0.781, 0.7733, 0.7827, 0.7627, 0.7982, 0.8, 0.7549, 0.7611, 0.7688, 0.7794], [0.7947, 0.7733, 0.7969, 0.8089, 0.7998, 0.7149, 0.78, 0.8158, 0.7965, 0.8074, 0.8051, 0.7729, 0.7981, 0.7944, 0.8075, 0.797, 0.7722, 0.7966, 0.8145], [0.8696, 0.8504, 0.8467, 0.8177, 0.8448, 0.8525, 0.8598, 0.835, 0.8152, 0.8329, 0.8481, 0.8294, 0.8539, 0.8175, 0.8451, 0.8135, 0.8555, 0.8563, 0.8336], [0.8851, 0.8938, 0.8782, 0.8918, 0.8953, 0.8879, 0.8989, 0.8865, 0.8864, 0.8985, 0.8975, 0.7853, 0.8907, 0.8805, 0.8946, 0.8916, 0.8816, 0.8817, 0.8965], [0.8168, 0.8131, 0.7422, 0.7362, 0.7977, 0.7997, 0.8114, 0.8149, 0.7926, 0.8102, 0.8016, 0.8153, 0.5064, 0.7978, 0.8103, 0.7919, 0.8066, 0.8122, 0.8147]]
Results: 	[[0.8219, 0.8285, 0.8277, 0.7921, 0.8017, 0.8178, 0.8285, 0.8274, 0.6625, 0.8314, 0.8229, 0.809, 0.8105, 0.8047, 0.8337, 0.8301, 0.8127, 0.8201, 0.8122, 0.8204], [0.7859, 0.6201, 0.7791, 0.7636, 0.7723, 0.793, 0.8041, 0.7705, 0.7755, 0.781, 0.7733, 0.7827, 0.7627, 0.7982, 0.8, 0.7549, 0.7611, 0.7688, 0.7794, 0.7743], [0.7947, 0.7733, 0.7969, 0.8089, 0.7998, 0.7149, 0.78, 0.8158, 0.7965, 0.8074, 0.8051, 0.7729, 0.7981, 0.7944, 0.8075, 0.797, 0.7722, 0.7966, 0.8145, 0.778], [0.8696, 0.8504, 0.8467, 0.8177, 0.8448, 0.8525, 0.8598, 0.835, 0.8152, 0.8329, 0.8481, 0.8294, 0.8539, 0.8175, 0.8451, 0.8135, 0.8555, 0.8563, 0.8336, 0.86], [0.8851, 0.8938, 0.8782, 0.8918, 0.8953, 0.8879, 0.8989, 0.8865, 0.8864, 0.8985, 0.8975, 0.7853, 0.8907, 0.8805, 0.8946, 0.8916, 0.8816, 0.8817, 0.8965, 0.8888], [0.8168, 0.8131, 0.7422, 0.7362, 0.7977, 0.7997, 0.8114, 0.8149, 0.7926, 0.8102, 0.8016, 0.8153, 0.5064, 0.7978, 0.8103, 0.7919, 0.8066, 0.8122, 0.8147, 0.7995]]
Results: 	[[0.8219, 0.8285, 0.8277, 0.7921, 0.8017, 0.8178, 0.8285, 0.8274, 0.6625, 0.8314, 0.8229, 0.809, 0.8105, 0.8047, 0.8337, 0.8301, 0.8127, 0.8201, 0.8122, 0.8204, 0.8269], [0.7859, 0.6201, 0.7791, 0.7636, 0.7723, 0.793, 0.8041, 0.7705, 0.7755, 0.781, 0.7733, 0.7827, 0.7627, 0.7982, 0.8, 0.7549, 0.7611, 0.7688, 0.7794, 0.7743, 0.7754], [0.7947, 0.7733, 0.7969, 0.8089, 0.7998, 0.7149, 0.78, 0.8158, 0.7965, 0.8074, 0.8051, 0.7729, 0.7981, 0.7944, 0.8075, 0.797, 0.7722, 0.7966, 0.8145, 0.778, 0.8138], [0.8696, 0.8504, 0.8467, 0.8177, 0.8448, 0.8525, 0.8598, 0.835, 0.8152, 0.8329, 0.8481, 0.8294, 0.8539, 0.8175, 0.8451, 0.8135, 0.8555, 0.8563, 0.8336, 0.86, 0.8389], [0.8851, 0.8938, 0.8782, 0.8918, 0.8953, 0.8879, 0.8989, 0.8865, 0.8864, 0.8985, 0.8975, 0.7853, 0.8907, 0.8805, 0.8946, 0.8916, 0.8816, 0.8817, 0.8965, 0.8888, 0.8856], [0.8168, 0.8131, 0.7422, 0.7362, 0.7977, 0.7997, 0.8114, 0.8149, 0.7926, 0.8102, 0.8016, 0.8153, 0.5064, 0.7978, 0.8103, 0.7919, 0.8066, 0.8122, 0.8147, 0.7995, 0.7934]]
Results: 	[[0.8219, 0.8285, 0.8277, 0.7921, 0.8017, 0.8178, 0.8285, 0.8274, 0.6625, 0.8314, 0.8229, 0.809, 0.8105, 0.8047, 0.8337, 0.8301, 0.8127, 0.8201, 0.8122, 0.8204, 0.8269, 0.821], [0.7859, 0.6201, 0.7791, 0.7636, 0.7723, 0.793, 0.8041, 0.7705, 0.7755, 0.781, 0.7733, 0.7827, 0.7627, 0.7982, 0.8, 0.7549, 0.7611, 0.7688, 0.7794, 0.7743, 0.7754, 0.7605], [0.7947, 0.7733, 0.7969, 0.8089, 0.7998, 0.7149, 0.78, 0.8158, 0.7965, 0.8074, 0.8051, 0.7729, 0.7981, 0.7944, 0.8075, 0.797, 0.7722, 0.7966, 0.8145, 0.778, 0.8138, 0.7892], [0.8696, 0.8504, 0.8467, 0.8177, 0.8448, 0.8525, 0.8598, 0.835, 0.8152, 0.8329, 0.8481, 0.8294, 0.8539, 0.8175, 0.8451, 0.8135, 0.8555, 0.8563, 0.8336, 0.86, 0.8389, 0.8622], [0.8851, 0.8938, 0.8782, 0.8918, 0.8953, 0.8879, 0.8989, 0.8865, 0.8864, 0.8985, 0.8975, 0.7853, 0.8907, 0.8805, 0.8946, 0.8916, 0.8816, 0.8817, 0.8965, 0.8888, 0.8856, 0.8961], [0.8168, 0.8131, 0.7422, 0.7362, 0.7977, 0.7997, 0.8114, 0.8149, 0.7926, 0.8102, 0.8016, 0.8153, 0.5064, 0.7978, 0.8103, 0.7919, 0.8066, 0.8122, 0.8147, 0.7995, 0.7934, 0.7615]]
Results: 	[[0.8219, 0.8285, 0.8277, 0.7921, 0.8017, 0.8178, 0.8285, 0.8274, 0.6625, 0.8314, 0.8229, 0.809, 0.8105, 0.8047, 0.8337, 0.8301, 0.8127, 0.8201, 0.8122, 0.8204, 0.8269, 0.821, 0.8065], [0.7859, 0.6201, 0.7791, 0.7636, 0.7723, 0.793, 0.8041, 0.7705, 0.7755, 0.781, 0.7733, 0.7827, 0.7627, 0.7982, 0.8, 0.7549, 0.7611, 0.7688, 0.7794, 0.7743, 0.7754, 0.7605, 0.7777], [0.7947, 0.7733, 0.7969, 0.8089, 0.7998, 0.7149, 0.78, 0.8158, 0.7965, 0.8074, 0.8051, 0.7729, 0.7981, 0.7944, 0.8075, 0.797, 0.7722, 0.7966, 0.8145, 0.778, 0.8138, 0.7892, 0.7536], [0.8696, 0.8504, 0.8467, 0.8177, 0.8448, 0.8525, 0.8598, 0.835, 0.8152, 0.8329, 0.8481, 0.8294, 0.8539, 0.8175, 0.8451, 0.8135, 0.8555, 0.8563, 0.8336, 0.86, 0.8389, 0.8622, 0.84], [0.8851, 0.8938, 0.8782, 0.8918, 0.8953, 0.8879, 0.8989, 0.8865, 0.8864, 0.8985, 0.8975, 0.7853, 0.8907, 0.8805, 0.8946, 0.8916, 0.8816, 0.8817, 0.8965, 0.8888, 0.8856, 0.8961, 0.89], [0.8168, 0.8131, 0.7422, 0.7362, 0.7977, 0.7997, 0.8114, 0.8149, 0.7926, 0.8102, 0.8016, 0.8153, 0.5064, 0.7978, 0.8103, 0.7919, 0.8066, 0.8122, 0.8147, 0.7995, 0.7934, 0.7615, 0.7848]]
Results: 	[[0.8219, 0.8285, 0.8277, 0.7921, 0.8017, 0.8178, 0.8285, 0.8274, 0.6625, 0.8314, 0.8229, 0.809, 0.8105, 0.8047, 0.8337, 0.8301, 0.8127, 0.8201, 0.8122, 0.8204, 0.8269, 0.821, 0.8065, 0.8314], [0.7859, 0.6201, 0.7791, 0.7636, 0.7723, 0.793, 0.8041, 0.7705, 0.7755, 0.781, 0.7733, 0.7827, 0.7627, 0.7982, 0.8, 0.7549, 0.7611, 0.7688, 0.7794, 0.7743, 0.7754, 0.7605, 0.7777, 0.7683], [0.7947, 0.7733, 0.7969, 0.8089, 0.7998, 0.7149, 0.78, 0.8158, 0.7965, 0.8074, 0.8051, 0.7729, 0.7981, 0.7944, 0.8075, 0.797, 0.7722, 0.7966, 0.8145, 0.778, 0.8138, 0.7892, 0.7536, 0.7952], [0.8696, 0.8504, 0.8467, 0.8177, 0.8448, 0.8525, 0.8598, 0.835, 0.8152, 0.8329, 0.8481, 0.8294, 0.8539, 0.8175, 0.8451, 0.8135, 0.8555, 0.8563, 0.8336, 0.86, 0.8389, 0.8622, 0.84, 0.8403], [0.8851, 0.8938, 0.8782, 0.8918, 0.8953, 0.8879, 0.8989, 0.8865, 0.8864, 0.8985, 0.8975, 0.7853, 0.8907, 0.8805, 0.8946, 0.8916, 0.8816, 0.8817, 0.8965, 0.8888, 0.8856, 0.8961, 0.89, 0.8884], [0.8168, 0.8131, 0.7422, 0.7362, 0.7977, 0.7997, 0.8114, 0.8149, 0.7926, 0.8102, 0.8016, 0.8153, 0.5064, 0.7978, 0.8103, 0.7919, 0.8066, 0.8122, 0.8147, 0.7995, 0.7934, 0.7615, 0.7848, 0.7932]]
Results: 	[[0.8219, 0.8285, 0.8277, 0.7921, 0.8017, 0.8178, 0.8285, 0.8274, 0.6625, 0.8314, 0.8229, 0.809, 0.8105, 0.8047, 0.8337, 0.8301, 0.8127, 0.8201, 0.8122, 0.8204, 0.8269, 0.821, 0.8065, 0.8314, 0.8205], [0.7859, 0.6201, 0.7791, 0.7636, 0.7723, 0.793, 0.8041, 0.7705, 0.7755, 0.781, 0.7733, 0.7827, 0.7627, 0.7982, 0.8, 0.7549, 0.7611, 0.7688, 0.7794, 0.7743, 0.7754, 0.7605, 0.7777, 0.7683, 0.7836], [0.7947, 0.7733, 0.7969, 0.8089, 0.7998, 0.7149, 0.78, 0.8158, 0.7965, 0.8074, 0.8051, 0.7729, 0.7981, 0.7944, 0.8075, 0.797, 0.7722, 0.7966, 0.8145, 0.778, 0.8138, 0.7892, 0.7536, 0.7952, 0.7905], [0.8696, 0.8504, 0.8467, 0.8177, 0.8448, 0.8525, 0.8598, 0.835, 0.8152, 0.8329, 0.8481, 0.8294, 0.8539, 0.8175, 0.8451, 0.8135, 0.8555, 0.8563, 0.8336, 0.86, 0.8389, 0.8622, 0.84, 0.8403, 0.8451], [0.8851, 0.8938, 0.8782, 0.8918, 0.8953, 0.8879, 0.8989, 0.8865, 0.8864, 0.8985, 0.8975, 0.7853, 0.8907, 0.8805, 0.8946, 0.8916, 0.8816, 0.8817, 0.8965, 0.8888, 0.8856, 0.8961, 0.89, 0.8884, 0.8834], [0.8168, 0.8131, 0.7422, 0.7362, 0.7977, 0.7997, 0.8114, 0.8149, 0.7926, 0.8102, 0.8016, 0.8153, 0.5064, 0.7978, 0.8103, 0.7919, 0.8066, 0.8122, 0.8147, 0.7995, 0.7934, 0.7615, 0.7848, 0.7932, 0.7979]]
Results: 	[[0.8219, 0.8285, 0.8277, 0.7921, 0.8017, 0.8178, 0.8285, 0.8274, 0.6625, 0.8314, 0.8229, 0.809, 0.8105, 0.8047, 0.8337, 0.8301, 0.8127, 0.8201, 0.8122, 0.8204, 0.8269, 0.821, 0.8065, 0.8314, 0.8205, 0.8334], [0.7859, 0.6201, 0.7791, 0.7636, 0.7723, 0.793, 0.8041, 0.7705, 0.7755, 0.781, 0.7733, 0.7827, 0.7627, 0.7982, 0.8, 0.7549, 0.7611, 0.7688, 0.7794, 0.7743, 0.7754, 0.7605, 0.7777, 0.7683, 0.7836, 0.7363], [0.7947, 0.7733, 0.7969, 0.8089, 0.7998, 0.7149, 0.78, 0.8158, 0.7965, 0.8074, 0.8051, 0.7729, 0.7981, 0.7944, 0.8075, 0.797, 0.7722, 0.7966, 0.8145, 0.778, 0.8138, 0.7892, 0.7536, 0.7952, 0.7905, 0.8103], [0.8696, 0.8504, 0.8467, 0.8177, 0.8448, 0.8525, 0.8598, 0.835, 0.8152, 0.8329, 0.8481, 0.8294, 0.8539, 0.8175, 0.8451, 0.8135, 0.8555, 0.8563, 0.8336, 0.86, 0.8389, 0.8622, 0.84, 0.8403, 0.8451, 0.8501], [0.8851, 0.8938, 0.8782, 0.8918, 0.8953, 0.8879, 0.8989, 0.8865, 0.8864, 0.8985, 0.8975, 0.7853, 0.8907, 0.8805, 0.8946, 0.8916, 0.8816, 0.8817, 0.8965, 0.8888, 0.8856, 0.8961, 0.89, 0.8884, 0.8834, 0.9008], [0.8168, 0.8131, 0.7422, 0.7362, 0.7977, 0.7997, 0.8114, 0.8149, 0.7926, 0.8102, 0.8016, 0.8153, 0.5064, 0.7978, 0.8103, 0.7919, 0.8066, 0.8122, 0.8147, 0.7995, 0.7934, 0.7615, 0.7848, 0.7932, 0.7979, 0.8146]]
Results: 	[[0.8219, 0.8285, 0.8277, 0.7921, 0.8017, 0.8178, 0.8285, 0.8274, 0.6625, 0.8314, 0.8229, 0.809, 0.8105, 0.8047, 0.8337, 0.8301, 0.8127, 0.8201, 0.8122, 0.8204, 0.8269, 0.821, 0.8065, 0.8314, 0.8205, 0.8334, 0.8325], [0.7859, 0.6201, 0.7791, 0.7636, 0.7723, 0.793, 0.8041, 0.7705, 0.7755, 0.781, 0.7733, 0.7827, 0.7627, 0.7982, 0.8, 0.7549, 0.7611, 0.7688, 0.7794, 0.7743, 0.7754, 0.7605, 0.7777, 0.7683, 0.7836, 0.7363, 0.8012], [0.7947, 0.7733, 0.7969, 0.8089, 0.7998, 0.7149, 0.78, 0.8158, 0.7965, 0.8074, 0.8051, 0.7729, 0.7981, 0.7944, 0.8075, 0.797, 0.7722, 0.7966, 0.8145, 0.778, 0.8138, 0.7892, 0.7536, 0.7952, 0.7905, 0.8103, 0.8047], [0.8696, 0.8504, 0.8467, 0.8177, 0.8448, 0.8525, 0.8598, 0.835, 0.8152, 0.8329, 0.8481, 0.8294, 0.8539, 0.8175, 0.8451, 0.8135, 0.8555, 0.8563, 0.8336, 0.86, 0.8389, 0.8622, 0.84, 0.8403, 0.8451, 0.8501, 0.8521], [0.8851, 0.8938, 0.8782, 0.8918, 0.8953, 0.8879, 0.8989, 0.8865, 0.8864, 0.8985, 0.8975, 0.7853, 0.8907, 0.8805, 0.8946, 0.8916, 0.8816, 0.8817, 0.8965, 0.8888, 0.8856, 0.8961, 0.89, 0.8884, 0.8834, 0.9008, 0.883], [0.8168, 0.8131, 0.7422, 0.7362, 0.7977, 0.7997, 0.8114, 0.8149, 0.7926, 0.8102, 0.8016, 0.8153, 0.5064, 0.7978, 0.8103, 0.7919, 0.8066, 0.8122, 0.8147, 0.7995, 0.7934, 0.7615, 0.7848, 0.7932, 0.7979, 0.8146, 0.8152]]
Results: 	[[0.8219, 0.8285, 0.8277, 0.7921, 0.8017, 0.8178, 0.8285, 0.8274, 0.6625, 0.8314, 0.8229, 0.809, 0.8105, 0.8047, 0.8337, 0.8301, 0.8127, 0.8201, 0.8122, 0.8204, 0.8269, 0.821, 0.8065, 0.8314, 0.8205, 0.8334, 0.8325, 0.8274], [0.7859, 0.6201, 0.7791, 0.7636, 0.7723, 0.793, 0.8041, 0.7705, 0.7755, 0.781, 0.7733, 0.7827, 0.7627, 0.7982, 0.8, 0.7549, 0.7611, 0.7688, 0.7794, 0.7743, 0.7754, 0.7605, 0.7777, 0.7683, 0.7836, 0.7363, 0.8012, 0.7687], [0.7947, 0.7733, 0.7969, 0.8089, 0.7998, 0.7149, 0.78, 0.8158, 0.7965, 0.8074, 0.8051, 0.7729, 0.7981, 0.7944, 0.8075, 0.797, 0.7722, 0.7966, 0.8145, 0.778, 0.8138, 0.7892, 0.7536, 0.7952, 0.7905, 0.8103, 0.8047, 0.8147], [0.8696, 0.8504, 0.8467, 0.8177, 0.8448, 0.8525, 0.8598, 0.835, 0.8152, 0.8329, 0.8481, 0.8294, 0.8539, 0.8175, 0.8451, 0.8135, 0.8555, 0.8563, 0.8336, 0.86, 0.8389, 0.8622, 0.84, 0.8403, 0.8451, 0.8501, 0.8521, 0.8542], [0.8851, 0.8938, 0.8782, 0.8918, 0.8953, 0.8879, 0.8989, 0.8865, 0.8864, 0.8985, 0.8975, 0.7853, 0.8907, 0.8805, 0.8946, 0.8916, 0.8816, 0.8817, 0.8965, 0.8888, 0.8856, 0.8961, 0.89, 0.8884, 0.8834, 0.9008, 0.883, 0.884], [0.8168, 0.8131, 0.7422, 0.7362, 0.7977, 0.7997, 0.8114, 0.8149, 0.7926, 0.8102, 0.8016, 0.8153, 0.5064, 0.7978, 0.8103, 0.7919, 0.8066, 0.8122, 0.8147, 0.7995, 0.7934, 0.7615, 0.7848, 0.7932, 0.7979, 0.8146, 0.8152, 0.7973]]
Results: 	[[0.8219, 0.8285, 0.8277, 0.7921, 0.8017, 0.8178, 0.8285, 0.8274, 0.6625, 0.8314, 0.8229, 0.809, 0.8105, 0.8047, 0.8337, 0.8301, 0.8127, 0.8201, 0.8122, 0.8204, 0.8269, 0.821, 0.8065, 0.8314, 0.8205, 0.8334, 0.8325, 0.8274, 0.8276], [0.7859, 0.6201, 0.7791, 0.7636, 0.7723, 0.793, 0.8041, 0.7705, 0.7755, 0.781, 0.7733, 0.7827, 0.7627, 0.7982, 0.8, 0.7549, 0.7611, 0.7688, 0.7794, 0.7743, 0.7754, 0.7605, 0.7777, 0.7683, 0.7836, 0.7363, 0.8012, 0.7687, 0.7951], [0.7947, 0.7733, 0.7969, 0.8089, 0.7998, 0.7149, 0.78, 0.8158, 0.7965, 0.8074, 0.8051, 0.7729, 0.7981, 0.7944, 0.8075, 0.797, 0.7722, 0.7966, 0.8145, 0.778, 0.8138, 0.7892, 0.7536, 0.7952, 0.7905, 0.8103, 0.8047, 0.8147, 0.8175], [0.8696, 0.8504, 0.8467, 0.8177, 0.8448, 0.8525, 0.8598, 0.835, 0.8152, 0.8329, 0.8481, 0.8294, 0.8539, 0.8175, 0.8451, 0.8135, 0.8555, 0.8563, 0.8336, 0.86, 0.8389, 0.8622, 0.84, 0.8403, 0.8451, 0.8501, 0.8521, 0.8542, 0.8449], [0.8851, 0.8938, 0.8782, 0.8918, 0.8953, 0.8879, 0.8989, 0.8865, 0.8864, 0.8985, 0.8975, 0.7853, 0.8907, 0.8805, 0.8946, 0.8916, 0.8816, 0.8817, 0.8965, 0.8888, 0.8856, 0.8961, 0.89, 0.8884, 0.8834, 0.9008, 0.883, 0.884, 0.8837], [0.8168, 0.8131, 0.7422, 0.7362, 0.7977, 0.7997, 0.8114, 0.8149, 0.7926, 0.8102, 0.8016, 0.8153, 0.5064, 0.7978, 0.8103, 0.7919, 0.8066, 0.8122, 0.8147, 0.7995, 0.7934, 0.7615, 0.7848, 0.7932, 0.7979, 0.8146, 0.8152, 0.7973, 0.8021]]
Results: 	[[0.8219, 0.8285, 0.8277, 0.7921, 0.8017, 0.8178, 0.8285, 0.8274, 0.6625, 0.8314, 0.8229, 0.809, 0.8105, 0.8047, 0.8337, 0.8301, 0.8127, 0.8201, 0.8122, 0.8204, 0.8269, 0.821, 0.8065, 0.8314, 0.8205, 0.8334, 0.8325, 0.8274, 0.8276, 0.8303], [0.7859, 0.6201, 0.7791, 0.7636, 0.7723, 0.793, 0.8041, 0.7705, 0.7755, 0.781, 0.7733, 0.7827, 0.7627, 0.7982, 0.8, 0.7549, 0.7611, 0.7688, 0.7794, 0.7743, 0.7754, 0.7605, 0.7777, 0.7683, 0.7836, 0.7363, 0.8012, 0.7687, 0.7951, 0.7629], [0.7947, 0.7733, 0.7969, 0.8089, 0.7998, 0.7149, 0.78, 0.8158, 0.7965, 0.8074, 0.8051, 0.7729, 0.7981, 0.7944, 0.8075, 0.797, 0.7722, 0.7966, 0.8145, 0.778, 0.8138, 0.7892, 0.7536, 0.7952, 0.7905, 0.8103, 0.8047, 0.8147, 0.8175, 0.8112], [0.8696, 0.8504, 0.8467, 0.8177, 0.8448, 0.8525, 0.8598, 0.835, 0.8152, 0.8329, 0.8481, 0.8294, 0.8539, 0.8175, 0.8451, 0.8135, 0.8555, 0.8563, 0.8336, 0.86, 0.8389, 0.8622, 0.84, 0.8403, 0.8451, 0.8501, 0.8521, 0.8542, 0.8449, 0.8391], [0.8851, 0.8938, 0.8782, 0.8918, 0.8953, 0.8879, 0.8989, 0.8865, 0.8864, 0.8985, 0.8975, 0.7853, 0.8907, 0.8805, 0.8946, 0.8916, 0.8816, 0.8817, 0.8965, 0.8888, 0.8856, 0.8961, 0.89, 0.8884, 0.8834, 0.9008, 0.883, 0.884, 0.8837, 0.8982], [0.8168, 0.8131, 0.7422, 0.7362, 0.7977, 0.7997, 0.8114, 0.8149, 0.7926, 0.8102, 0.8016, 0.8153, 0.5064, 0.7978, 0.8103, 0.7919, 0.8066, 0.8122, 0.8147, 0.7995, 0.7934, 0.7615, 0.7848, 0.7932, 0.7979, 0.8146, 0.8152, 0.7973, 0.8021, 0.8037]]

-----------------------------------------------------------------
Task                                            Acc         F1      AUROC  (mean±std)
-----------------------------------------------------------------
Renal and urinary disorders              0.7230±0.0326  0.7624±0.0383  0.8158±0.0303
Pregnancy, puerperium and perinatal conditions 0.6855±0.0882  0.2777±0.0318  0.7710±0.0317
Ear and labyrinth disorders              0.7183±0.0209  0.6946±0.0457  0.7942±0.0212
Cardiac disorders                        0.7494±0.0485  0.8004±0.0599  0.8435±0.0141
Nervous system disorders                 0.7986±0.0484  0.8783±0.0332  0.8861±0.0197
Injury, poisoning and procedural complications 0.7131±0.0545  0.7622±0.0678  0.7885±0.0559

OVERALL AVERAGE                          0.7313              0.6959              0.8165
-----------------------------------------------------------------
