
=================================================================
Variant : Fingerprint-only  |  10-shot
Dataset : tox21  |  K_shot=10
Tasks   : ['SR-HSE', 'SR-MMP', 'SR-p53']
=================================================================
Results: 	[[0.7579], [0.8313], [0.7756]]
Results: 	[[0.7579, 0.7717], [0.8313, 0.8077], [0.7756, 0.8033]]
Results: 	[[0.7579, 0.7717, 0.7743], [0.8313, 0.8077, 0.8037], [0.7756, 0.8033, 0.7998]]
Results: 	[[0.7579, 0.7717, 0.7743, 0.7441], [0.8313, 0.8077, 0.8037, 0.8291], [0.7756, 0.8033, 0.7998, 0.8049]]
Results: 	[[0.7579, 0.7717, 0.7743, 0.7441, 0.7708], [0.8313, 0.8077, 0.8037, 0.8291, 0.8178], [0.7756, 0.8033, 0.7998, 0.8049, 0.7837]]
Results: 	[[0.7579, 0.7717, 0.7743, 0.7441, 0.7708, 0.7734], [0.8313, 0.8077, 0.8037, 0.8291, 0.8178, 0.8006], [0.7756, 0.8033, 0.7998, 0.8049, 0.7837, 0.7876]]
Results: 	[[0.7579, 0.7717, 0.7743, 0.7441, 0.7708, 0.7734, 0.7008], [0.8313, 0.8077, 0.8037, 0.8291, 0.8178, 0.8006, 0.7827], [0.7756, 0.8033, 0.7998, 0.8049, 0.7837, 0.7876, 0.8022]]
Results: 	[[0.7579, 0.7717, 0.7743, 0.7441, 0.7708, 0.7734, 0.7008, 0.757], [0.8313, 0.8077, 0.8037, 0.8291, 0.8178, 0.8006, 0.7827, 0.7517], [0.7756, 0.8033, 0.7998, 0.8049, 0.7837, 0.7876, 0.8022, 0.7347]]
Results: 	[[0.7579, 0.7717, 0.7743, 0.7441, 0.7708, 0.7734, 0.7008, 0.757, 0.7804], [0.8313, 0.8077, 0.8037, 0.8291, 0.8178, 0.8006, 0.7827, 0.7517, 0.7847], [0.7756, 0.8033, 0.7998, 0.8049, 0.7837, 0.7876, 0.8022, 0.7347, 0.8125]]
Results: 	[[0.7579, 0.7717, 0.7743, 0.7441, 0.7708, 0.7734, 0.7008, 0.757, 0.7804, 0.7671], [0.8313, 0.8077, 0.8037, 0.8291, 0.8178, 0.8006, 0.7827, 0.7517, 0.7847, 0.8079], [0.7756, 0.8033, 0.7998, 0.8049, 0.7837, 0.7876, 0.8022, 0.7347, 0.8125, 0.7897]]
Results: 	[[0.7579, 0.7717, 0.7743, 0.7441, 0.7708, 0.7734, 0.7008, 0.757, 0.7804, 0.7671, 0.7529], [0.8313, 0.8077, 0.8037, 0.8291, 0.8178, 0.8006, 0.7827, 0.7517, 0.7847, 0.8079, 0.8142], [0.7756, 0.8033, 0.7998, 0.8049, 0.7837, 0.7876, 0.8022, 0.7347, 0.8125, 0.7897, 0.7933]]
Results: 	[[0.7579, 0.7717, 0.7743, 0.7441, 0.7708, 0.7734, 0.7008, 0.757, 0.7804, 0.7671, 0.7529, 0.7586], [0.8313, 0.8077, 0.8037, 0.8291, 0.8178, 0.8006, 0.7827, 0.7517, 0.7847, 0.8079, 0.8142, 0.7928], [0.7756, 0.8033, 0.7998, 0.8049, 0.7837, 0.7876, 0.8022, 0.7347, 0.8125, 0.7897, 0.7933, 0.707]]
Results: 	[[0.7579, 0.7717, 0.7743, 0.7441, 0.7708, 0.7734, 0.7008, 0.757, 0.7804, 0.7671, 0.7529, 0.7586, 0.2846], [0.8313, 0.8077, 0.8037, 0.8291, 0.8178, 0.8006, 0.7827, 0.7517, 0.7847, 0.8079, 0.8142, 0.7928, 0.8163], [0.7756, 0.8033, 0.7998, 0.8049, 0.7837, 0.7876, 0.8022, 0.7347, 0.8125, 0.7897, 0.7933, 0.707, 0.707]]
Results: 	[[0.7579, 0.7717, 0.7743, 0.7441, 0.7708, 0.7734, 0.7008, 0.757, 0.7804, 0.7671, 0.7529, 0.7586, 0.2846, 0.6449], [0.8313, 0.8077, 0.8037, 0.8291, 0.8178, 0.8006, 0.7827, 0.7517, 0.7847, 0.8079, 0.8142, 0.7928, 0.8163, 0.8025], [0.7756, 0.8033, 0.7998, 0.8049, 0.7837, 0.7876, 0.8022, 0.7347, 0.8125, 0.7897, 0.7933, 0.707, 0.707, 0.7989]]
Results: 	[[0.7579, 0.7717, 0.7743, 0.7441, 0.7708, 0.7734, 0.7008, 0.757, 0.7804, 0.7671, 0.7529, 0.7586, 0.2846, 0.6449, 0.7616], [0.8313, 0.8077, 0.8037, 0.8291, 0.8178, 0.8006, 0.7827, 0.7517, 0.7847, 0.8079, 0.8142, 0.7928, 0.8163, 0.8025, 0.824], [0.7756, 0.8033, 0.7998, 0.8049, 0.7837, 0.7876, 0.8022, 0.7347, 0.8125, 0.7897, 0.7933, 0.707, 0.707, 0.7989, 0.8034]]
Results: 	[[0.7579, 0.7717, 0.7743, 0.7441, 0.7708, 0.7734, 0.7008, 0.757, 0.7804, 0.7671, 0.7529, 0.7586, 0.2846, 0.6449, 0.7616, 0.7681], [0.8313, 0.8077, 0.8037, 0.8291, 0.8178, 0.8006, 0.7827, 0.7517, 0.7847, 0.8079, 0.8142, 0.7928, 0.8163, 0.8025, 0.824, 0.8204], [0.7756, 0.8033, 0.7998, 0.8049, 0.7837, 0.7876, 0.8022, 0.7347, 0.8125, 0.7897, 0.7933, 0.707, 0.707, 0.7989, 0.8034, 0.648]]
Results: 	[[0.7579, 0.7717, 0.7743, 0.7441, 0.7708, 0.7734, 0.7008, 0.757, 0.7804, 0.7671, 0.7529, 0.7586, 0.2846, 0.6449, 0.7616, 0.7681, 0.7447], [0.8313, 0.8077, 0.8037, 0.8291, 0.8178, 0.8006, 0.7827, 0.7517, 0.7847, 0.8079, 0.8142, 0.7928, 0.8163, 0.8025, 0.824, 0.8204, 0.8114], [0.7756, 0.8033, 0.7998, 0.8049, 0.7837, 0.7876, 0.8022, 0.7347, 0.8125, 0.7897, 0.7933, 0.707, 0.707, 0.7989, 0.8034, 0.648, 0.8113]]
Results: 	[[0.7579, 0.7717, 0.7743, 0.7441, 0.7708, 0.7734, 0.7008, 0.757, 0.7804, 0.7671, 0.7529, 0.7586, 0.2846, 0.6449, 0.7616, 0.7681, 0.7447, 0.758], [0.8313, 0.8077, 0.8037, 0.8291, 0.8178, 0.8006, 0.7827, 0.7517, 0.7847, 0.8079, 0.8142, 0.7928, 0.8163, 0.8025, 0.824, 0.8204, 0.8114, 0.5467], [0.7756, 0.8033, 0.7998, 0.8049, 0.7837, 0.7876, 0.8022, 0.7347, 0.8125, 0.7897, 0.7933, 0.707, 0.707, 0.7989, 0.8034, 0.648, 0.8113, 0.7986]]
Results: 	[[0.7579, 0.7717, 0.7743, 0.7441, 0.7708, 0.7734, 0.7008, 0.757, 0.7804, 0.7671, 0.7529, 0.7586, 0.2846, 0.6449, 0.7616, 0.7681, 0.7447, 0.758, 0.7681], [0.8313, 0.8077, 0.8037, 0.8291, 0.8178, 0.8006, 0.7827, 0.7517, 0.7847, 0.8079, 0.8142, 0.7928, 0.8163, 0.8025, 0.824, 0.8204, 0.8114, 0.5467, 0.7779], [0.7756, 0.8033, 0.7998, 0.8049, 0.7837, 0.7876, 0.8022, 0.7347, 0.8125, 0.7897, 0.7933, 0.707, 0.707, 0.7989, 0.8034, 0.648, 0.8113, 0.7986, 0.8057]]
Results: 	[[0.7579, 0.7717, 0.7743, 0.7441, 0.7708, 0.7734, 0.7008, 0.757, 0.7804, 0.7671, 0.7529, 0.7586, 0.2846, 0.6449, 0.7616, 0.7681, 0.7447, 0.758, 0.7681, 0.7545], [0.8313, 0.8077, 0.8037, 0.8291, 0.8178, 0.8006, 0.7827, 0.7517, 0.7847, 0.8079, 0.8142, 0.7928, 0.8163, 0.8025, 0.824, 0.8204, 0.8114, 0.5467, 0.7779, 0.8278], [0.7756, 0.8033, 0.7998, 0.8049, 0.7837, 0.7876, 0.8022, 0.7347, 0.8125, 0.7897, 0.7933, 0.707, 0.707, 0.7989, 0.8034, 0.648, 0.8113, 0.7986, 0.8057, 0.7859]]
Results: 	[[0.7579, 0.7717, 0.7743, 0.7441, 0.7708, 0.7734, 0.7008, 0.757, 0.7804, 0.7671, 0.7529, 0.7586, 0.2846, 0.6449, 0.7616, 0.7681, 0.7447, 0.758, 0.7681, 0.7545, 0.7631], [0.8313, 0.8077, 0.8037, 0.8291, 0.8178, 0.8006, 0.7827, 0.7517, 0.7847, 0.8079, 0.8142, 0.7928, 0.8163, 0.8025, 0.824, 0.8204, 0.8114, 0.5467, 0.7779, 0.8278, 0.8165], [0.7756, 0.8033, 0.7998, 0.8049, 0.7837, 0.7876, 0.8022, 0.7347, 0.8125, 0.7897, 0.7933, 0.707, 0.707, 0.7989, 0.8034, 0.648, 0.8113, 0.7986, 0.8057, 0.7859, 0.8101]]
Results: 	[[0.7579, 0.7717, 0.7743, 0.7441, 0.7708, 0.7734, 0.7008, 0.757, 0.7804, 0.7671, 0.7529, 0.7586, 0.2846, 0.6449, 0.7616, 0.7681, 0.7447, 0.758, 0.7681, 0.7545, 0.7631, 0.7494], [0.8313, 0.8077, 0.8037, 0.8291, 0.8178, 0.8006, 0.7827, 0.7517, 0.7847, 0.8079, 0.8142, 0.7928, 0.8163, 0.8025, 0.824, 0.8204, 0.8114, 0.5467, 0.7779, 0.8278, 0.8165, 0.8251], [0.7756, 0.8033, 0.7998, 0.8049, 0.7837, 0.7876, 0.8022, 0.7347, 0.8125, 0.7897, 0.7933, 0.707, 0.707, 0.7989, 0.8034, 0.648, 0.8113, 0.7986, 0.8057, 0.7859, 0.8101, 0.7771]]
Results: 	[[0.7579, 0.7717, 0.7743, 0.7441, 0.7708, 0.7734, 0.7008, 0.757, 0.7804, 0.7671, 0.7529, 0.7586, 0.2846, 0.6449, 0.7616, 0.7681, 0.7447, 0.758, 0.7681, 0.7545, 0.7631, 0.7494, 0.7604], [0.8313, 0.8077, 0.8037, 0.8291, 0.8178, 0.8006, 0.7827, 0.7517, 0.7847, 0.8079, 0.8142, 0.7928, 0.8163, 0.8025, 0.824, 0.8204, 0.8114, 0.5467, 0.7779, 0.8278, 0.8165, 0.8251, 0.8296], [0.7756, 0.8033, 0.7998, 0.8049, 0.7837, 0.7876, 0.8022, 0.7347, 0.8125, 0.7897, 0.7933, 0.707, 0.707, 0.7989, 0.8034, 0.648, 0.8113, 0.7986, 0.8057, 0.7859, 0.8101, 0.7771, 0.8034]]
Results: 	[[0.7579, 0.7717, 0.7743, 0.7441, 0.7708, 0.7734, 0.7008, 0.757, 0.7804, 0.7671, 0.7529, 0.7586, 0.2846, 0.6449, 0.7616, 0.7681, 0.7447, 0.758, 0.7681, 0.7545, 0.7631, 0.7494, 0.7604, 0.7605], [0.8313, 0.8077, 0.8037, 0.8291, 0.8178, 0.8006, 0.7827, 0.7517, 0.7847, 0.8079, 0.8142, 0.7928, 0.8163, 0.8025, 0.824, 0.8204, 0.8114, 0.5467, 0.7779, 0.8278, 0.8165, 0.8251, 0.8296, 0.7953], [0.7756, 0.8033, 0.7998, 0.8049, 0.7837, 0.7876, 0.8022, 0.7347, 0.8125, 0.7897, 0.7933, 0.707, 0.707, 0.7989, 0.8034, 0.648, 0.8113, 0.7986, 0.8057, 0.7859, 0.8101, 0.7771, 0.8034, 0.7753]]
Results: 	[[0.7579, 0.7717, 0.7743, 0.7441, 0.7708, 0.7734, 0.7008, 0.757, 0.7804, 0.7671, 0.7529, 0.7586, 0.2846, 0.6449, 0.7616, 0.7681, 0.7447, 0.758, 0.7681, 0.7545, 0.7631, 0.7494, 0.7604, 0.7605, 0.7614], [0.8313, 0.8077, 0.8037, 0.8291, 0.8178, 0.8006, 0.7827, 0.7517, 0.7847, 0.8079, 0.8142, 0.7928, 0.8163, 0.8025, 0.824, 0.8204, 0.8114, 0.5467, 0.7779, 0.8278, 0.8165, 0.8251, 0.8296, 0.7953, 0.8234], [0.7756, 0.8033, 0.7998, 0.8049, 0.7837, 0.7876, 0.8022, 0.7347, 0.8125, 0.7897, 0.7933, 0.707, 0.707, 0.7989, 0.8034, 0.648, 0.8113, 0.7986, 0.8057, 0.7859, 0.8101, 0.7771, 0.8034, 0.7753, 0.7432]]
Results: 	[[0.7579, 0.7717, 0.7743, 0.7441, 0.7708, 0.7734, 0.7008, 0.757, 0.7804, 0.7671, 0.7529, 0.7586, 0.2846, 0.6449, 0.7616, 0.7681, 0.7447, 0.758, 0.7681, 0.7545, 0.7631, 0.7494, 0.7604, 0.7605, 0.7614, 0.7441], [0.8313, 0.8077, 0.8037, 0.8291, 0.8178, 0.8006, 0.7827, 0.7517, 0.7847, 0.8079, 0.8142, 0.7928, 0.8163, 0.8025, 0.824, 0.8204, 0.8114, 0.5467, 0.7779, 0.8278, 0.8165, 0.8251, 0.8296, 0.7953, 0.8234, 0.8099], [0.7756, 0.8033, 0.7998, 0.8049, 0.7837, 0.7876, 0.8022, 0.7347, 0.8125, 0.7897, 0.7933, 0.707, 0.707, 0.7989, 0.8034, 0.648, 0.8113, 0.7986, 0.8057, 0.7859, 0.8101, 0.7771, 0.8034, 0.7753, 0.7432, 0.8022]]
Results: 	[[0.7579, 0.7717, 0.7743, 0.7441, 0.7708, 0.7734, 0.7008, 0.757, 0.7804, 0.7671, 0.7529, 0.7586, 0.2846, 0.6449, 0.7616, 0.7681, 0.7447, 0.758, 0.7681, 0.7545, 0.7631, 0.7494, 0.7604, 0.7605, 0.7614, 0.7441, 0.772], [0.8313, 0.8077, 0.8037, 0.8291, 0.8178, 0.8006, 0.7827, 0.7517, 0.7847, 0.8079, 0.8142, 0.7928, 0.8163, 0.8025, 0.824, 0.8204, 0.8114, 0.5467, 0.7779, 0.8278, 0.8165, 0.8251, 0.8296, 0.7953, 0.8234, 0.8099, 0.795], [0.7756, 0.8033, 0.7998, 0.8049, 0.7837, 0.7876, 0.8022, 0.7347, 0.8125, 0.7897, 0.7933, 0.707, 0.707, 0.7989, 0.8034, 0.648, 0.8113, 0.7986, 0.8057, 0.7859, 0.8101, 0.7771, 0.8034, 0.7753, 0.7432, 0.8022, 0.8034]]
Results: 	[[0.7579, 0.7717, 0.7743, 0.7441, 0.7708, 0.7734, 0.7008, 0.757, 0.7804, 0.7671, 0.7529, 0.7586, 0.2846, 0.6449, 0.7616, 0.7681, 0.7447, 0.758, 0.7681, 0.7545, 0.7631, 0.7494, 0.7604, 0.7605, 0.7614, 0.7441, 0.772, 0.7733], [0.8313, 0.8077, 0.8037, 0.8291, 0.8178, 0.8006, 0.7827, 0.7517, 0.7847, 0.8079, 0.8142, 0.7928, 0.8163, 0.8025, 0.824, 0.8204, 0.8114, 0.5467, 0.7779, 0.8278, 0.8165, 0.8251, 0.8296, 0.7953, 0.8234, 0.8099, 0.795, 0.8261], [0.7756, 0.8033, 0.7998, 0.8049, 0.7837, 0.7876, 0.8022, 0.7347, 0.8125, 0.7897, 0.7933, 0.707, 0.707, 0.7989, 0.8034, 0.648, 0.8113, 0.7986, 0.8057, 0.7859, 0.8101, 0.7771, 0.8034, 0.7753, 0.7432, 0.8022, 0.8034, 0.7931]]
Results: 	[[0.7579, 0.7717, 0.7743, 0.7441, 0.7708, 0.7734, 0.7008, 0.757, 0.7804, 0.7671, 0.7529, 0.7586, 0.2846, 0.6449, 0.7616, 0.7681, 0.7447, 0.758, 0.7681, 0.7545, 0.7631, 0.7494, 0.7604, 0.7605, 0.7614, 0.7441, 0.772, 0.7733, 0.7602], [0.8313, 0.8077, 0.8037, 0.8291, 0.8178, 0.8006, 0.7827, 0.7517, 0.7847, 0.8079, 0.8142, 0.7928, 0.8163, 0.8025, 0.824, 0.8204, 0.8114, 0.5467, 0.7779, 0.8278, 0.8165, 0.8251, 0.8296, 0.7953, 0.8234, 0.8099, 0.795, 0.8261, 0.765], [0.7756, 0.8033, 0.7998, 0.8049, 0.7837, 0.7876, 0.8022, 0.7347, 0.8125, 0.7897, 0.7933, 0.707, 0.707, 0.7989, 0.8034, 0.648, 0.8113, 0.7986, 0.8057, 0.7859, 0.8101, 0.7771, 0.8034, 0.7753, 0.7432, 0.8022, 0.8034, 0.7931, 0.8096]]
Results: 	[[0.7579, 0.7717, 0.7743, 0.7441, 0.7708, 0.7734, 0.7008, 0.757, 0.7804, 0.7671, 0.7529, 0.7586, 0.2846, 0.6449, 0.7616, 0.7681, 0.7447, 0.758, 0.7681, 0.7545, 0.7631, 0.7494, 0.7604, 0.7605, 0.7614, 0.7441, 0.772, 0.7733, 0.7602, 0.7675], [0.8313, 0.8077, 0.8037, 0.8291, 0.8178, 0.8006, 0.7827, 0.7517, 0.7847, 0.8079, 0.8142, 0.7928, 0.8163, 0.8025, 0.824, 0.8204, 0.8114, 0.5467, 0.7779, 0.8278, 0.8165, 0.8251, 0.8296, 0.7953, 0.8234, 0.8099, 0.795, 0.8261, 0.765, 0.8331], [0.7756, 0.8033, 0.7998, 0.8049, 0.7837, 0.7876, 0.8022, 0.7347, 0.8125, 0.7897, 0.7933, 0.707, 0.707, 0.7989, 0.8034, 0.648, 0.8113, 0.7986, 0.8057, 0.7859, 0.8101, 0.7771, 0.8034, 0.7753, 0.7432, 0.8022, 0.8034, 0.7931, 0.8096, 0.7921]]

-----------------------------------------------------------------
Task                                            Acc         F1      AUROC  (mean±std)
-----------------------------------------------------------------
SR-HSE                                   0.7752±0.0790  0.2363±0.0470  0.7402±0.0882
SR-MMP                                   0.7906±0.0332  0.4907±0.0483  0.7990±0.0509
SR-p53                                   0.7907±0.0588  0.2822±0.0386  0.7821±0.0372

OVERALL AVERAGE                          0.7855              0.3364              0.7738
-----------------------------------------------------------------
