
=================================================================
Variant : Fingerprint-only  |  5-shot
Dataset : tox21  |  K_shot=5
Tasks   : ['SR-HSE', 'SR-MMP', 'SR-p53']
=================================================================
Results: 	[[0.7719], [0.8148], [0.8265]]
Results: 	[[0.7719, 0.6953], [0.8148, 0.8093], [0.8265, 0.7723]]
Results: 	[[0.7719, 0.6953, 0.7752], [0.8148, 0.8093, 0.8133], [0.8265, 0.7723, 0.8138]]
Results: 	[[0.7719, 0.6953, 0.7752, 0.77], [0.8148, 0.8093, 0.8133, 0.8208], [0.8265, 0.7723, 0.8138, 0.813]]
Results: 	[[0.7719, 0.6953, 0.7752, 0.77, 0.7677], [0.8148, 0.8093, 0.8133, 0.8208, 0.7633], [0.8265, 0.7723, 0.8138, 0.813, 0.8193]]
Results: 	[[0.7719, 0.6953, 0.7752, 0.77, 0.7677, 0.7594], [0.8148, 0.8093, 0.8133, 0.8208, 0.7633, 0.8117], [0.8265, 0.7723, 0.8138, 0.813, 0.8193, 0.8157]]
Results: 	[[0.7719, 0.6953, 0.7752, 0.77, 0.7677, 0.7594, 0.7336], [0.8148, 0.8093, 0.8133, 0.8208, 0.7633, 0.8117, 0.8192], [0.8265, 0.7723, 0.8138, 0.813, 0.8193, 0.8157, 0.803]]
Results: 	[[0.7719, 0.6953, 0.7752, 0.77, 0.7677, 0.7594, 0.7336, 0.7663], [0.8148, 0.8093, 0.8133, 0.8208, 0.7633, 0.8117, 0.8192, 0.8191], [0.8265, 0.7723, 0.8138, 0.813, 0.8193, 0.8157, 0.803, 0.7986]]
Results: 	[[0.7719, 0.6953, 0.7752, 0.77, 0.7677, 0.7594, 0.7336, 0.7663, 0.6243], [0.8148, 0.8093, 0.8133, 0.8208, 0.7633, 0.8117, 0.8192, 0.8191, 0.8205], [0.8265, 0.7723, 0.8138, 0.813, 0.8193, 0.8157, 0.803, 0.7986, 0.78]]
Results: 	[[0.7719, 0.6953, 0.7752, 0.77, 0.7677, 0.7594, 0.7336, 0.7663, 0.6243, 0.624], [0.8148, 0.8093, 0.8133, 0.8208, 0.7633, 0.8117, 0.8192, 0.8191, 0.8205, 0.8226], [0.8265, 0.7723, 0.8138, 0.813, 0.8193, 0.8157, 0.803, 0.7986, 0.78, 0.8309]]
Results: 	[[0.7719, 0.6953, 0.7752, 0.77, 0.7677, 0.7594, 0.7336, 0.7663, 0.6243, 0.624, 0.7751], [0.8148, 0.8093, 0.8133, 0.8208, 0.7633, 0.8117, 0.8192, 0.8191, 0.8205, 0.8226, 0.8229], [0.8265, 0.7723, 0.8138, 0.813, 0.8193, 0.8157, 0.803, 0.7986, 0.78, 0.8309, 0.8286]]
Results: 	[[0.7719, 0.6953, 0.7752, 0.77, 0.7677, 0.7594, 0.7336, 0.7663, 0.6243, 0.624, 0.7751, 0.2634], [0.8148, 0.8093, 0.8133, 0.8208, 0.7633, 0.8117, 0.8192, 0.8191, 0.8205, 0.8226, 0.8229, 0.8144], [0.8265, 0.7723, 0.8138, 0.813, 0.8193, 0.8157, 0.803, 0.7986, 0.78, 0.8309, 0.8286, 0.8254]]
Results: 	[[0.7719, 0.6953, 0.7752, 0.77, 0.7677, 0.7594, 0.7336, 0.7663, 0.6243, 0.624, 0.7751, 0.2634, 0.757], [0.8148, 0.8093, 0.8133, 0.8208, 0.7633, 0.8117, 0.8192, 0.8191, 0.8205, 0.8226, 0.8229, 0.8144, 0.5566], [0.8265, 0.7723, 0.8138, 0.813, 0.8193, 0.8157, 0.803, 0.7986, 0.78, 0.8309, 0.8286, 0.8254, 0.7724]]
Results: 	[[0.7719, 0.6953, 0.7752, 0.77, 0.7677, 0.7594, 0.7336, 0.7663, 0.6243, 0.624, 0.7751, 0.2634, 0.757, 0.3638], [0.8148, 0.8093, 0.8133, 0.8208, 0.7633, 0.8117, 0.8192, 0.8191, 0.8205, 0.8226, 0.8229, 0.8144, 0.5566, 0.5211], [0.8265, 0.7723, 0.8138, 0.813, 0.8193, 0.8157, 0.803, 0.7986, 0.78, 0.8309, 0.8286, 0.8254, 0.7724, 0.8095]]
Results: 	[[0.7719, 0.6953, 0.7752, 0.77, 0.7677, 0.7594, 0.7336, 0.7663, 0.6243, 0.624, 0.7751, 0.2634, 0.757, 0.3638, 0.4034], [0.8148, 0.8093, 0.8133, 0.8208, 0.7633, 0.8117, 0.8192, 0.8191, 0.8205, 0.8226, 0.8229, 0.8144, 0.5566, 0.5211, 0.8198], [0.8265, 0.7723, 0.8138, 0.813, 0.8193, 0.8157, 0.803, 0.7986, 0.78, 0.8309, 0.8286, 0.8254, 0.7724, 0.8095, 0.8234]]
Results: 	[[0.7719, 0.6953, 0.7752, 0.77, 0.7677, 0.7594, 0.7336, 0.7663, 0.6243, 0.624, 0.7751, 0.2634, 0.757, 0.3638, 0.4034, 0.7744], [0.8148, 0.8093, 0.8133, 0.8208, 0.7633, 0.8117, 0.8192, 0.8191, 0.8205, 0.8226, 0.8229, 0.8144, 0.5566, 0.5211, 0.8198, 0.8194], [0.8265, 0.7723, 0.8138, 0.813, 0.8193, 0.8157, 0.803, 0.7986, 0.78, 0.8309, 0.8286, 0.8254, 0.7724, 0.8095, 0.8234, 0.5413]]
Results: 	[[0.7719, 0.6953, 0.7752, 0.77, 0.7677, 0.7594, 0.7336, 0.7663, 0.6243, 0.624, 0.7751, 0.2634, 0.757, 0.3638, 0.4034, 0.7744, 0.7334], [0.8148, 0.8093, 0.8133, 0.8208, 0.7633, 0.8117, 0.8192, 0.8191, 0.8205, 0.8226, 0.8229, 0.8144, 0.5566, 0.5211, 0.8198, 0.8194, 0.7633], [0.8265, 0.7723, 0.8138, 0.813, 0.8193, 0.8157, 0.803, 0.7986, 0.78, 0.8309, 0.8286, 0.8254, 0.7724, 0.8095, 0.8234, 0.5413, 0.7548]]
Results: 	[[0.7719, 0.6953, 0.7752, 0.77, 0.7677, 0.7594, 0.7336, 0.7663, 0.6243, 0.624, 0.7751, 0.2634, 0.757, 0.3638, 0.4034, 0.7744, 0.7334, 0.7474], [0.8148, 0.8093, 0.8133, 0.8208, 0.7633, 0.8117, 0.8192, 0.8191, 0.8205, 0.8226, 0.8229, 0.8144, 0.5566, 0.5211, 0.8198, 0.8194, 0.7633, 0.8137], [0.8265, 0.7723, 0.8138, 0.813, 0.8193, 0.8157, 0.803, 0.7986, 0.78, 0.8309, 0.8286, 0.8254, 0.7724, 0.8095, 0.8234, 0.5413, 0.7548, 0.8208]]
Results: 	[[0.7719, 0.6953, 0.7752, 0.77, 0.7677, 0.7594, 0.7336, 0.7663, 0.6243, 0.624, 0.7751, 0.2634, 0.757, 0.3638, 0.4034, 0.7744, 0.7334, 0.7474, 0.772], [0.8148, 0.8093, 0.8133, 0.8208, 0.7633, 0.8117, 0.8192, 0.8191, 0.8205, 0.8226, 0.8229, 0.8144, 0.5566, 0.5211, 0.8198, 0.8194, 0.7633, 0.8137, 0.8094], [0.8265, 0.7723, 0.8138, 0.813, 0.8193, 0.8157, 0.803, 0.7986, 0.78, 0.8309, 0.8286, 0.8254, 0.7724, 0.8095, 0.8234, 0.5413, 0.7548, 0.8208, 0.773]]
Results: 	[[0.7719, 0.6953, 0.7752, 0.77, 0.7677, 0.7594, 0.7336, 0.7663, 0.6243, 0.624, 0.7751, 0.2634, 0.757, 0.3638, 0.4034, 0.7744, 0.7334, 0.7474, 0.772, 0.581], [0.8148, 0.8093, 0.8133, 0.8208, 0.7633, 0.8117, 0.8192, 0.8191, 0.8205, 0.8226, 0.8229, 0.8144, 0.5566, 0.5211, 0.8198, 0.8194, 0.7633, 0.8137, 0.8094, 0.8248], [0.8265, 0.7723, 0.8138, 0.813, 0.8193, 0.8157, 0.803, 0.7986, 0.78, 0.8309, 0.8286, 0.8254, 0.7724, 0.8095, 0.8234, 0.5413, 0.7548, 0.8208, 0.773, 0.8204]]
Results: 	[[0.7719, 0.6953, 0.7752, 0.77, 0.7677, 0.7594, 0.7336, 0.7663, 0.6243, 0.624, 0.7751, 0.2634, 0.757, 0.3638, 0.4034, 0.7744, 0.7334, 0.7474, 0.772, 0.581, 0.772], [0.8148, 0.8093, 0.8133, 0.8208, 0.7633, 0.8117, 0.8192, 0.8191, 0.8205, 0.8226, 0.8229, 0.8144, 0.5566, 0.5211, 0.8198, 0.8194, 0.7633, 0.8137, 0.8094, 0.8248, 0.4761], [0.8265, 0.7723, 0.8138, 0.813, 0.8193, 0.8157, 0.803, 0.7986, 0.78, 0.8309, 0.8286, 0.8254, 0.7724, 0.8095, 0.8234, 0.5413, 0.7548, 0.8208, 0.773, 0.8204, 0.8261]]
Results: 	[[0.7719, 0.6953, 0.7752, 0.77, 0.7677, 0.7594, 0.7336, 0.7663, 0.6243, 0.624, 0.7751, 0.2634, 0.757, 0.3638, 0.4034, 0.7744, 0.7334, 0.7474, 0.772, 0.581, 0.772, 0.7642], [0.8148, 0.8093, 0.8133, 0.8208, 0.7633, 0.8117, 0.8192, 0.8191, 0.8205, 0.8226, 0.8229, 0.8144, 0.5566, 0.5211, 0.8198, 0.8194, 0.7633, 0.8137, 0.8094, 0.8248, 0.4761, 0.7578], [0.8265, 0.7723, 0.8138, 0.813, 0.8193, 0.8157, 0.803, 0.7986, 0.78, 0.8309, 0.8286, 0.8254, 0.7724, 0.8095, 0.8234, 0.5413, 0.7548, 0.8208, 0.773, 0.8204, 0.8261, 0.7903]]
Results: 	[[0.7719, 0.6953, 0.7752, 0.77, 0.7677, 0.7594, 0.7336, 0.7663, 0.6243, 0.624, 0.7751, 0.2634, 0.757, 0.3638, 0.4034, 0.7744, 0.7334, 0.7474, 0.772, 0.581, 0.772, 0.7642, 0.7556], [0.8148, 0.8093, 0.8133, 0.8208, 0.7633, 0.8117, 0.8192, 0.8191, 0.8205, 0.8226, 0.8229, 0.8144, 0.5566, 0.5211, 0.8198, 0.8194, 0.7633, 0.8137, 0.8094, 0.8248, 0.4761, 0.7578, 0.7215], [0.8265, 0.7723, 0.8138, 0.813, 0.8193, 0.8157, 0.803, 0.7986, 0.78, 0.8309, 0.8286, 0.8254, 0.7724, 0.8095, 0.8234, 0.5413, 0.7548, 0.8208, 0.773, 0.8204, 0.8261, 0.7903, 0.7674]]
Results: 	[[0.7719, 0.6953, 0.7752, 0.77, 0.7677, 0.7594, 0.7336, 0.7663, 0.6243, 0.624, 0.7751, 0.2634, 0.757, 0.3638, 0.4034, 0.7744, 0.7334, 0.7474, 0.772, 0.581, 0.772, 0.7642, 0.7556, 0.7695], [0.8148, 0.8093, 0.8133, 0.8208, 0.7633, 0.8117, 0.8192, 0.8191, 0.8205, 0.8226, 0.8229, 0.8144, 0.5566, 0.5211, 0.8198, 0.8194, 0.7633, 0.8137, 0.8094, 0.8248, 0.4761, 0.7578, 0.7215, 0.7938], [0.8265, 0.7723, 0.8138, 0.813, 0.8193, 0.8157, 0.803, 0.7986, 0.78, 0.8309, 0.8286, 0.8254, 0.7724, 0.8095, 0.8234, 0.5413, 0.7548, 0.8208, 0.773, 0.8204, 0.8261, 0.7903, 0.7674, 0.6109]]
Results: 	[[0.7719, 0.6953, 0.7752, 0.77, 0.7677, 0.7594, 0.7336, 0.7663, 0.6243, 0.624, 0.7751, 0.2634, 0.757, 0.3638, 0.4034, 0.7744, 0.7334, 0.7474, 0.772, 0.581, 0.772, 0.7642, 0.7556, 0.7695, 0.3456], [0.8148, 0.8093, 0.8133, 0.8208, 0.7633, 0.8117, 0.8192, 0.8191, 0.8205, 0.8226, 0.8229, 0.8144, 0.5566, 0.5211, 0.8198, 0.8194, 0.7633, 0.8137, 0.8094, 0.8248, 0.4761, 0.7578, 0.7215, 0.7938, 0.8138], [0.8265, 0.7723, 0.8138, 0.813, 0.8193, 0.8157, 0.803, 0.7986, 0.78, 0.8309, 0.8286, 0.8254, 0.7724, 0.8095, 0.8234, 0.5413, 0.7548, 0.8208, 0.773, 0.8204, 0.8261, 0.7903, 0.7674, 0.6109, 0.8091]]
Results: 	[[0.7719, 0.6953, 0.7752, 0.77, 0.7677, 0.7594, 0.7336, 0.7663, 0.6243, 0.624, 0.7751, 0.2634, 0.757, 0.3638, 0.4034, 0.7744, 0.7334, 0.7474, 0.772, 0.581, 0.772, 0.7642, 0.7556, 0.7695, 0.3456, 0.7566], [0.8148, 0.8093, 0.8133, 0.8208, 0.7633, 0.8117, 0.8192, 0.8191, 0.8205, 0.8226, 0.8229, 0.8144, 0.5566, 0.5211, 0.8198, 0.8194, 0.7633, 0.8137, 0.8094, 0.8248, 0.4761, 0.7578, 0.7215, 0.7938, 0.8138, 0.602], [0.8265, 0.7723, 0.8138, 0.813, 0.8193, 0.8157, 0.803, 0.7986, 0.78, 0.8309, 0.8286, 0.8254, 0.7724, 0.8095, 0.8234, 0.5413, 0.7548, 0.8208, 0.773, 0.8204, 0.8261, 0.7903, 0.7674, 0.6109, 0.8091, 0.648]]
Results: 	[[0.7719, 0.6953, 0.7752, 0.77, 0.7677, 0.7594, 0.7336, 0.7663, 0.6243, 0.624, 0.7751, 0.2634, 0.757, 0.3638, 0.4034, 0.7744, 0.7334, 0.7474, 0.772, 0.581, 0.772, 0.7642, 0.7556, 0.7695, 0.3456, 0.7566, 0.7335], [0.8148, 0.8093, 0.8133, 0.8208, 0.7633, 0.8117, 0.8192, 0.8191, 0.8205, 0.8226, 0.8229, 0.8144, 0.5566, 0.5211, 0.8198, 0.8194, 0.7633, 0.8137, 0.8094, 0.8248, 0.4761, 0.7578, 0.7215, 0.7938, 0.8138, 0.602, 0.7961], [0.8265, 0.7723, 0.8138, 0.813, 0.8193, 0.8157, 0.803, 0.7986, 0.78, 0.8309, 0.8286, 0.8254, 0.7724, 0.8095, 0.8234, 0.5413, 0.7548, 0.8208, 0.773, 0.8204, 0.8261, 0.7903, 0.7674, 0.6109, 0.8091, 0.648, 0.8306]]
Results: 	[[0.7719, 0.6953, 0.7752, 0.77, 0.7677, 0.7594, 0.7336, 0.7663, 0.6243, 0.624, 0.7751, 0.2634, 0.757, 0.3638, 0.4034, 0.7744, 0.7334, 0.7474, 0.772, 0.581, 0.772, 0.7642, 0.7556, 0.7695, 0.3456, 0.7566, 0.7335, 0.6961], [0.8148, 0.8093, 0.8133, 0.8208, 0.7633, 0.8117, 0.8192, 0.8191, 0.8205, 0.8226, 0.8229, 0.8144, 0.5566, 0.5211, 0.8198, 0.8194, 0.7633, 0.8137, 0.8094, 0.8248, 0.4761, 0.7578, 0.7215, 0.7938, 0.8138, 0.602, 0.7961, 0.7851], [0.8265, 0.7723, 0.8138, 0.813, 0.8193, 0.8157, 0.803, 0.7986, 0.78, 0.8309, 0.8286, 0.8254, 0.7724, 0.8095, 0.8234, 0.5413, 0.7548, 0.8208, 0.773, 0.8204, 0.8261, 0.7903, 0.7674, 0.6109, 0.8091, 0.648, 0.8306, 0.8297]]
Results: 	[[0.7719, 0.6953, 0.7752, 0.77, 0.7677, 0.7594, 0.7336, 0.7663, 0.6243, 0.624, 0.7751, 0.2634, 0.757, 0.3638, 0.4034, 0.7744, 0.7334, 0.7474, 0.772, 0.581, 0.772, 0.7642, 0.7556, 0.7695, 0.3456, 0.7566, 0.7335, 0.6961, 0.7499], [0.8148, 0.8093, 0.8133, 0.8208, 0.7633, 0.8117, 0.8192, 0.8191, 0.8205, 0.8226, 0.8229, 0.8144, 0.5566, 0.5211, 0.8198, 0.8194, 0.7633, 0.8137, 0.8094, 0.8248, 0.4761, 0.7578, 0.7215, 0.7938, 0.8138, 0.602, 0.7961, 0.7851, 0.8207], [0.8265, 0.7723, 0.8138, 0.813, 0.8193, 0.8157, 0.803, 0.7986, 0.78, 0.8309, 0.8286, 0.8254, 0.7724, 0.8095, 0.8234, 0.5413, 0.7548, 0.8208, 0.773, 0.8204, 0.8261, 0.7903, 0.7674, 0.6109, 0.8091, 0.648, 0.8306, 0.8297, 0.8271]]
Results: 	[[0.7719, 0.6953, 0.7752, 0.77, 0.7677, 0.7594, 0.7336, 0.7663, 0.6243, 0.624, 0.7751, 0.2634, 0.757, 0.3638, 0.4034, 0.7744, 0.7334, 0.7474, 0.772, 0.581, 0.772, 0.7642, 0.7556, 0.7695, 0.3456, 0.7566, 0.7335, 0.6961, 0.7499, 0.7617], [0.8148, 0.8093, 0.8133, 0.8208, 0.7633, 0.8117, 0.8192, 0.8191, 0.8205, 0.8226, 0.8229, 0.8144, 0.5566, 0.5211, 0.8198, 0.8194, 0.7633, 0.8137, 0.8094, 0.8248, 0.4761, 0.7578, 0.7215, 0.7938, 0.8138, 0.602, 0.7961, 0.7851, 0.8207, 0.8112], [0.8265, 0.7723, 0.8138, 0.813, 0.8193, 0.8157, 0.803, 0.7986, 0.78, 0.8309, 0.8286, 0.8254, 0.7724, 0.8095, 0.8234, 0.5413, 0.7548, 0.8208, 0.773, 0.8204, 0.8261, 0.7903, 0.7674, 0.6109, 0.8091, 0.648, 0.8306, 0.8297, 0.8271, 0.6391]]

-----------------------------------------------------------------
Task                                            Acc         F1      AUROC  (mean±std)
-----------------------------------------------------------------
SR-HSE                                   0.6935±0.1833  0.2086±0.0689  0.6854±0.1434
SR-MMP                                   0.7560±0.0930  0.4542±0.0850  0.7686±0.0946
SR-p53                                   0.7945±0.0693  0.2775±0.0527  0.7807±0.0719

OVERALL AVERAGE                          0.7480              0.3134              0.7449
-----------------------------------------------------------------
