
=================================================================
Variant : Fingerprint-only  |  5-shot
Dataset : sider  |  K_shot=5
Tasks   : ['Renal and urinary disorders', 'Pregnancy, puerperium and perinatal conditions', 'Ear and labyrinth disorders', 'Cardiac disorders', 'Nervous system disorders', 'Injury, poisoning and procedural complications']
=================================================================
Results: 	[[0.8347], [0.7793], [0.7001], [0.8048], [0.8596], [0.788]]
Results: 	[[0.8347, 0.8194], [0.7793, 0.7699], [0.7001, 0.7998], [0.8048, 0.8229], [0.8596, 0.8712], [0.788, 0.8015]]
Results: 	[[0.8347, 0.8194, 0.8302], [0.7793, 0.7699, 0.7795], [0.7001, 0.7998, 0.7993], [0.8048, 0.8229, 0.7822], [0.8596, 0.8712, 0.8579], [0.788, 0.8015, 0.8012]]
Results: 	[[0.8347, 0.8194, 0.8302, 0.7675], [0.7793, 0.7699, 0.7795, 0.7662], [0.7001, 0.7998, 0.7993, 0.8122], [0.8048, 0.8229, 0.7822, 0.7995], [0.8596, 0.8712, 0.8579, 0.8625], [0.788, 0.8015, 0.8012, 0.8034]]
Results: 	[[0.8347, 0.8194, 0.8302, 0.7675, 0.7926], [0.7793, 0.7699, 0.7795, 0.7662, 0.7661], [0.7001, 0.7998, 0.7993, 0.8122, 0.8079], [0.8048, 0.8229, 0.7822, 0.7995, 0.2318], [0.8596, 0.8712, 0.8579, 0.8625, 0.8769], [0.788, 0.8015, 0.8012, 0.8034, 0.8045]]
Results: 	[[0.8347, 0.8194, 0.8302, 0.7675, 0.7926, 0.7941], [0.7793, 0.7699, 0.7795, 0.7662, 0.7661, 0.7561], [0.7001, 0.7998, 0.7993, 0.8122, 0.8079, 0.7854], [0.8048, 0.8229, 0.7822, 0.7995, 0.2318, 0.8182], [0.8596, 0.8712, 0.8579, 0.8625, 0.8769, 0.8738], [0.788, 0.8015, 0.8012, 0.8034, 0.8045, 0.7978]]
Results: 	[[0.8347, 0.8194, 0.8302, 0.7675, 0.7926, 0.7941, 0.8256], [0.7793, 0.7699, 0.7795, 0.7662, 0.7661, 0.7561, 0.7599], [0.7001, 0.7998, 0.7993, 0.8122, 0.8079, 0.7854, 0.7929], [0.8048, 0.8229, 0.7822, 0.7995, 0.2318, 0.8182, 0.8143], [0.8596, 0.8712, 0.8579, 0.8625, 0.8769, 0.8738, 0.8793], [0.788, 0.8015, 0.8012, 0.8034, 0.8045, 0.7978, 0.7993]]
Results: 	[[0.8347, 0.8194, 0.8302, 0.7675, 0.7926, 0.7941, 0.8256, 0.8139], [0.7793, 0.7699, 0.7795, 0.7662, 0.7661, 0.7561, 0.7599, 0.7728], [0.7001, 0.7998, 0.7993, 0.8122, 0.8079, 0.7854, 0.7929, 0.8099], [0.8048, 0.8229, 0.7822, 0.7995, 0.2318, 0.8182, 0.8143, 0.7108], [0.8596, 0.8712, 0.8579, 0.8625, 0.8769, 0.8738, 0.8793, 0.8691], [0.788, 0.8015, 0.8012, 0.8034, 0.8045, 0.7978, 0.7993, 0.7769]]
Results: 	[[0.8347, 0.8194, 0.8302, 0.7675, 0.7926, 0.7941, 0.8256, 0.8139, 0.8185], [0.7793, 0.7699, 0.7795, 0.7662, 0.7661, 0.7561, 0.7599, 0.7728, 0.7729], [0.7001, 0.7998, 0.7993, 0.8122, 0.8079, 0.7854, 0.7929, 0.8099, 0.807], [0.8048, 0.8229, 0.7822, 0.7995, 0.2318, 0.8182, 0.8143, 0.7108, 0.8078], [0.8596, 0.8712, 0.8579, 0.8625, 0.8769, 0.8738, 0.8793, 0.8691, 0.866], [0.788, 0.8015, 0.8012, 0.8034, 0.8045, 0.7978, 0.7993, 0.7769, 0.7938]]
Results: 	[[0.8347, 0.8194, 0.8302, 0.7675, 0.7926, 0.7941, 0.8256, 0.8139, 0.8185, 0.8341], [0.7793, 0.7699, 0.7795, 0.7662, 0.7661, 0.7561, 0.7599, 0.7728, 0.7729, 0.7634], [0.7001, 0.7998, 0.7993, 0.8122, 0.8079, 0.7854, 0.7929, 0.8099, 0.807, 0.6235], [0.8048, 0.8229, 0.7822, 0.7995, 0.2318, 0.8182, 0.8143, 0.7108, 0.8078, 0.8097], [0.8596, 0.8712, 0.8579, 0.8625, 0.8769, 0.8738, 0.8793, 0.8691, 0.866, 0.8538], [0.788, 0.8015, 0.8012, 0.8034, 0.8045, 0.7978, 0.7993, 0.7769, 0.7938, 0.7922]]
Results: 	[[0.8347, 0.8194, 0.8302, 0.7675, 0.7926, 0.7941, 0.8256, 0.8139, 0.8185, 0.8341, 0.8188], [0.7793, 0.7699, 0.7795, 0.7662, 0.7661, 0.7561, 0.7599, 0.7728, 0.7729, 0.7634, 0.7688], [0.7001, 0.7998, 0.7993, 0.8122, 0.8079, 0.7854, 0.7929, 0.8099, 0.807, 0.6235, 0.8036], [0.8048, 0.8229, 0.7822, 0.7995, 0.2318, 0.8182, 0.8143, 0.7108, 0.8078, 0.8097, 0.8038], [0.8596, 0.8712, 0.8579, 0.8625, 0.8769, 0.8738, 0.8793, 0.8691, 0.866, 0.8538, 0.8498], [0.788, 0.8015, 0.8012, 0.8034, 0.8045, 0.7978, 0.7993, 0.7769, 0.7938, 0.7922, 0.7989]]
Results: 	[[0.8347, 0.8194, 0.8302, 0.7675, 0.7926, 0.7941, 0.8256, 0.8139, 0.8185, 0.8341, 0.8188, 0.8039], [0.7793, 0.7699, 0.7795, 0.7662, 0.7661, 0.7561, 0.7599, 0.7728, 0.7729, 0.7634, 0.7688, 0.7704], [0.7001, 0.7998, 0.7993, 0.8122, 0.8079, 0.7854, 0.7929, 0.8099, 0.807, 0.6235, 0.8036, 0.8106], [0.8048, 0.8229, 0.7822, 0.7995, 0.2318, 0.8182, 0.8143, 0.7108, 0.8078, 0.8097, 0.8038, 0.8214], [0.8596, 0.8712, 0.8579, 0.8625, 0.8769, 0.8738, 0.8793, 0.8691, 0.866, 0.8538, 0.8498, 0.864], [0.788, 0.8015, 0.8012, 0.8034, 0.8045, 0.7978, 0.7993, 0.7769, 0.7938, 0.7922, 0.7989, 0.8031]]
Results: 	[[0.8347, 0.8194, 0.8302, 0.7675, 0.7926, 0.7941, 0.8256, 0.8139, 0.8185, 0.8341, 0.8188, 0.8039, 0.8317], [0.7793, 0.7699, 0.7795, 0.7662, 0.7661, 0.7561, 0.7599, 0.7728, 0.7729, 0.7634, 0.7688, 0.7704, 0.7687], [0.7001, 0.7998, 0.7993, 0.8122, 0.8079, 0.7854, 0.7929, 0.8099, 0.807, 0.6235, 0.8036, 0.8106, 0.7965], [0.8048, 0.8229, 0.7822, 0.7995, 0.2318, 0.8182, 0.8143, 0.7108, 0.8078, 0.8097, 0.8038, 0.8214, 0.8137], [0.8596, 0.8712, 0.8579, 0.8625, 0.8769, 0.8738, 0.8793, 0.8691, 0.866, 0.8538, 0.8498, 0.864, 0.8637], [0.788, 0.8015, 0.8012, 0.8034, 0.8045, 0.7978, 0.7993, 0.7769, 0.7938, 0.7922, 0.7989, 0.8031, 0.7993]]
Results: 	[[0.8347, 0.8194, 0.8302, 0.7675, 0.7926, 0.7941, 0.8256, 0.8139, 0.8185, 0.8341, 0.8188, 0.8039, 0.8317, 0.8222], [0.7793, 0.7699, 0.7795, 0.7662, 0.7661, 0.7561, 0.7599, 0.7728, 0.7729, 0.7634, 0.7688, 0.7704, 0.7687, 0.7733], [0.7001, 0.7998, 0.7993, 0.8122, 0.8079, 0.7854, 0.7929, 0.8099, 0.807, 0.6235, 0.8036, 0.8106, 0.7965, 0.5934], [0.8048, 0.8229, 0.7822, 0.7995, 0.2318, 0.8182, 0.8143, 0.7108, 0.8078, 0.8097, 0.8038, 0.8214, 0.8137, 0.8069], [0.8596, 0.8712, 0.8579, 0.8625, 0.8769, 0.8738, 0.8793, 0.8691, 0.866, 0.8538, 0.8498, 0.864, 0.8637, 0.8628], [0.788, 0.8015, 0.8012, 0.8034, 0.8045, 0.7978, 0.7993, 0.7769, 0.7938, 0.7922, 0.7989, 0.8031, 0.7993, 0.7756]]
Results: 	[[0.8347, 0.8194, 0.8302, 0.7675, 0.7926, 0.7941, 0.8256, 0.8139, 0.8185, 0.8341, 0.8188, 0.8039, 0.8317, 0.8222, 0.8314], [0.7793, 0.7699, 0.7795, 0.7662, 0.7661, 0.7561, 0.7599, 0.7728, 0.7729, 0.7634, 0.7688, 0.7704, 0.7687, 0.7733, 0.7692], [0.7001, 0.7998, 0.7993, 0.8122, 0.8079, 0.7854, 0.7929, 0.8099, 0.807, 0.6235, 0.8036, 0.8106, 0.7965, 0.5934, 0.7849], [0.8048, 0.8229, 0.7822, 0.7995, 0.2318, 0.8182, 0.8143, 0.7108, 0.8078, 0.8097, 0.8038, 0.8214, 0.8137, 0.8069, 0.8393], [0.8596, 0.8712, 0.8579, 0.8625, 0.8769, 0.8738, 0.8793, 0.8691, 0.866, 0.8538, 0.8498, 0.864, 0.8637, 0.8628, 0.874], [0.788, 0.8015, 0.8012, 0.8034, 0.8045, 0.7978, 0.7993, 0.7769, 0.7938, 0.7922, 0.7989, 0.8031, 0.7993, 0.7756, 0.8012]]
Results: 	[[0.8347, 0.8194, 0.8302, 0.7675, 0.7926, 0.7941, 0.8256, 0.8139, 0.8185, 0.8341, 0.8188, 0.8039, 0.8317, 0.8222, 0.8314, 0.7753], [0.7793, 0.7699, 0.7795, 0.7662, 0.7661, 0.7561, 0.7599, 0.7728, 0.7729, 0.7634, 0.7688, 0.7704, 0.7687, 0.7733, 0.7692, 0.7796], [0.7001, 0.7998, 0.7993, 0.8122, 0.8079, 0.7854, 0.7929, 0.8099, 0.807, 0.6235, 0.8036, 0.8106, 0.7965, 0.5934, 0.7849, 0.7912], [0.8048, 0.8229, 0.7822, 0.7995, 0.2318, 0.8182, 0.8143, 0.7108, 0.8078, 0.8097, 0.8038, 0.8214, 0.8137, 0.8069, 0.8393, 0.825], [0.8596, 0.8712, 0.8579, 0.8625, 0.8769, 0.8738, 0.8793, 0.8691, 0.866, 0.8538, 0.8498, 0.864, 0.8637, 0.8628, 0.874, 0.8728], [0.788, 0.8015, 0.8012, 0.8034, 0.8045, 0.7978, 0.7993, 0.7769, 0.7938, 0.7922, 0.7989, 0.8031, 0.7993, 0.7756, 0.8012, 0.8007]]
Results: 	[[0.8347, 0.8194, 0.8302, 0.7675, 0.7926, 0.7941, 0.8256, 0.8139, 0.8185, 0.8341, 0.8188, 0.8039, 0.8317, 0.8222, 0.8314, 0.7753, 0.8152], [0.7793, 0.7699, 0.7795, 0.7662, 0.7661, 0.7561, 0.7599, 0.7728, 0.7729, 0.7634, 0.7688, 0.7704, 0.7687, 0.7733, 0.7692, 0.7796, 0.7517], [0.7001, 0.7998, 0.7993, 0.8122, 0.8079, 0.7854, 0.7929, 0.8099, 0.807, 0.6235, 0.8036, 0.8106, 0.7965, 0.5934, 0.7849, 0.7912, 0.8023], [0.8048, 0.8229, 0.7822, 0.7995, 0.2318, 0.8182, 0.8143, 0.7108, 0.8078, 0.8097, 0.8038, 0.8214, 0.8137, 0.8069, 0.8393, 0.825, 0.8275], [0.8596, 0.8712, 0.8579, 0.8625, 0.8769, 0.8738, 0.8793, 0.8691, 0.866, 0.8538, 0.8498, 0.864, 0.8637, 0.8628, 0.874, 0.8728, 0.8616], [0.788, 0.8015, 0.8012, 0.8034, 0.8045, 0.7978, 0.7993, 0.7769, 0.7938, 0.7922, 0.7989, 0.8031, 0.7993, 0.7756, 0.8012, 0.8007, 0.7971]]
Results: 	[[0.8347, 0.8194, 0.8302, 0.7675, 0.7926, 0.7941, 0.8256, 0.8139, 0.8185, 0.8341, 0.8188, 0.8039, 0.8317, 0.8222, 0.8314, 0.7753, 0.8152, 0.8308], [0.7793, 0.7699, 0.7795, 0.7662, 0.7661, 0.7561, 0.7599, 0.7728, 0.7729, 0.7634, 0.7688, 0.7704, 0.7687, 0.7733, 0.7692, 0.7796, 0.7517, 0.5135], [0.7001, 0.7998, 0.7993, 0.8122, 0.8079, 0.7854, 0.7929, 0.8099, 0.807, 0.6235, 0.8036, 0.8106, 0.7965, 0.5934, 0.7849, 0.7912, 0.8023, 0.785], [0.8048, 0.8229, 0.7822, 0.7995, 0.2318, 0.8182, 0.8143, 0.7108, 0.8078, 0.8097, 0.8038, 0.8214, 0.8137, 0.8069, 0.8393, 0.825, 0.8275, 0.7762], [0.8596, 0.8712, 0.8579, 0.8625, 0.8769, 0.8738, 0.8793, 0.8691, 0.866, 0.8538, 0.8498, 0.864, 0.8637, 0.8628, 0.874, 0.8728, 0.8616, 0.8684], [0.788, 0.8015, 0.8012, 0.8034, 0.8045, 0.7978, 0.7993, 0.7769, 0.7938, 0.7922, 0.7989, 0.8031, 0.7993, 0.7756, 0.8012, 0.8007, 0.7971, 0.7976]]
Results: 	[[0.8347, 0.8194, 0.8302, 0.7675, 0.7926, 0.7941, 0.8256, 0.8139, 0.8185, 0.8341, 0.8188, 0.8039, 0.8317, 0.8222, 0.8314, 0.7753, 0.8152, 0.8308, 0.8249], [0.7793, 0.7699, 0.7795, 0.7662, 0.7661, 0.7561, 0.7599, 0.7728, 0.7729, 0.7634, 0.7688, 0.7704, 0.7687, 0.7733, 0.7692, 0.7796, 0.7517, 0.5135, 0.7641], [0.7001, 0.7998, 0.7993, 0.8122, 0.8079, 0.7854, 0.7929, 0.8099, 0.807, 0.6235, 0.8036, 0.8106, 0.7965, 0.5934, 0.7849, 0.7912, 0.8023, 0.785, 0.8], [0.8048, 0.8229, 0.7822, 0.7995, 0.2318, 0.8182, 0.8143, 0.7108, 0.8078, 0.8097, 0.8038, 0.8214, 0.8137, 0.8069, 0.8393, 0.825, 0.8275, 0.7762, 0.8209], [0.8596, 0.8712, 0.8579, 0.8625, 0.8769, 0.8738, 0.8793, 0.8691, 0.866, 0.8538, 0.8498, 0.864, 0.8637, 0.8628, 0.874, 0.8728, 0.8616, 0.8684, 0.86], [0.788, 0.8015, 0.8012, 0.8034, 0.8045, 0.7978, 0.7993, 0.7769, 0.7938, 0.7922, 0.7989, 0.8031, 0.7993, 0.7756, 0.8012, 0.8007, 0.7971, 0.7976, 0.7974]]
Results: 	[[0.8347, 0.8194, 0.8302, 0.7675, 0.7926, 0.7941, 0.8256, 0.8139, 0.8185, 0.8341, 0.8188, 0.8039, 0.8317, 0.8222, 0.8314, 0.7753, 0.8152, 0.8308, 0.8249, 0.2469], [0.7793, 0.7699, 0.7795, 0.7662, 0.7661, 0.7561, 0.7599, 0.7728, 0.7729, 0.7634, 0.7688, 0.7704, 0.7687, 0.7733, 0.7692, 0.7796, 0.7517, 0.5135, 0.7641, 0.6659], [0.7001, 0.7998, 0.7993, 0.8122, 0.8079, 0.7854, 0.7929, 0.8099, 0.807, 0.6235, 0.8036, 0.8106, 0.7965, 0.5934, 0.7849, 0.7912, 0.8023, 0.785, 0.8, 0.8007], [0.8048, 0.8229, 0.7822, 0.7995, 0.2318, 0.8182, 0.8143, 0.7108, 0.8078, 0.8097, 0.8038, 0.8214, 0.8137, 0.8069, 0.8393, 0.825, 0.8275, 0.7762, 0.8209, 0.8107], [0.8596, 0.8712, 0.8579, 0.8625, 0.8769, 0.8738, 0.8793, 0.8691, 0.866, 0.8538, 0.8498, 0.864, 0.8637, 0.8628, 0.874, 0.8728, 0.8616, 0.8684, 0.86, 0.8623], [0.788, 0.8015, 0.8012, 0.8034, 0.8045, 0.7978, 0.7993, 0.7769, 0.7938, 0.7922, 0.7989, 0.8031, 0.7993, 0.7756, 0.8012, 0.8007, 0.7971, 0.7976, 0.7974, 0.7856]]
Results: 	[[0.8347, 0.8194, 0.8302, 0.7675, 0.7926, 0.7941, 0.8256, 0.8139, 0.8185, 0.8341, 0.8188, 0.8039, 0.8317, 0.8222, 0.8314, 0.7753, 0.8152, 0.8308, 0.8249, 0.2469, 0.8017], [0.7793, 0.7699, 0.7795, 0.7662, 0.7661, 0.7561, 0.7599, 0.7728, 0.7729, 0.7634, 0.7688, 0.7704, 0.7687, 0.7733, 0.7692, 0.7796, 0.7517, 0.5135, 0.7641, 0.6659, 0.7804], [0.7001, 0.7998, 0.7993, 0.8122, 0.8079, 0.7854, 0.7929, 0.8099, 0.807, 0.6235, 0.8036, 0.8106, 0.7965, 0.5934, 0.7849, 0.7912, 0.8023, 0.785, 0.8, 0.8007, 0.8043], [0.8048, 0.8229, 0.7822, 0.7995, 0.2318, 0.8182, 0.8143, 0.7108, 0.8078, 0.8097, 0.8038, 0.8214, 0.8137, 0.8069, 0.8393, 0.825, 0.8275, 0.7762, 0.8209, 0.8107, 0.8044], [0.8596, 0.8712, 0.8579, 0.8625, 0.8769, 0.8738, 0.8793, 0.8691, 0.866, 0.8538, 0.8498, 0.864, 0.8637, 0.8628, 0.874, 0.8728, 0.8616, 0.8684, 0.86, 0.8623, 0.8647], [0.788, 0.8015, 0.8012, 0.8034, 0.8045, 0.7978, 0.7993, 0.7769, 0.7938, 0.7922, 0.7989, 0.8031, 0.7993, 0.7756, 0.8012, 0.8007, 0.7971, 0.7976, 0.7974, 0.7856, 0.8037]]
Results: 	[[0.8347, 0.8194, 0.8302, 0.7675, 0.7926, 0.7941, 0.8256, 0.8139, 0.8185, 0.8341, 0.8188, 0.8039, 0.8317, 0.8222, 0.8314, 0.7753, 0.8152, 0.8308, 0.8249, 0.2469, 0.8017, 0.8331], [0.7793, 0.7699, 0.7795, 0.7662, 0.7661, 0.7561, 0.7599, 0.7728, 0.7729, 0.7634, 0.7688, 0.7704, 0.7687, 0.7733, 0.7692, 0.7796, 0.7517, 0.5135, 0.7641, 0.6659, 0.7804, 0.7697], [0.7001, 0.7998, 0.7993, 0.8122, 0.8079, 0.7854, 0.7929, 0.8099, 0.807, 0.6235, 0.8036, 0.8106, 0.7965, 0.5934, 0.7849, 0.7912, 0.8023, 0.785, 0.8, 0.8007, 0.8043, 0.7894], [0.8048, 0.8229, 0.7822, 0.7995, 0.2318, 0.8182, 0.8143, 0.7108, 0.8078, 0.8097, 0.8038, 0.8214, 0.8137, 0.8069, 0.8393, 0.825, 0.8275, 0.7762, 0.8209, 0.8107, 0.8044, 0.2801], [0.8596, 0.8712, 0.8579, 0.8625, 0.8769, 0.8738, 0.8793, 0.8691, 0.866, 0.8538, 0.8498, 0.864, 0.8637, 0.8628, 0.874, 0.8728, 0.8616, 0.8684, 0.86, 0.8623, 0.8647, 0.8674], [0.788, 0.8015, 0.8012, 0.8034, 0.8045, 0.7978, 0.7993, 0.7769, 0.7938, 0.7922, 0.7989, 0.8031, 0.7993, 0.7756, 0.8012, 0.8007, 0.7971, 0.7976, 0.7974, 0.7856, 0.8037, 0.8023]]
Results: 	[[0.8347, 0.8194, 0.8302, 0.7675, 0.7926, 0.7941, 0.8256, 0.8139, 0.8185, 0.8341, 0.8188, 0.8039, 0.8317, 0.8222, 0.8314, 0.7753, 0.8152, 0.8308, 0.8249, 0.2469, 0.8017, 0.8331, 0.826], [0.7793, 0.7699, 0.7795, 0.7662, 0.7661, 0.7561, 0.7599, 0.7728, 0.7729, 0.7634, 0.7688, 0.7704, 0.7687, 0.7733, 0.7692, 0.7796, 0.7517, 0.5135, 0.7641, 0.6659, 0.7804, 0.7697, 0.7105], [0.7001, 0.7998, 0.7993, 0.8122, 0.8079, 0.7854, 0.7929, 0.8099, 0.807, 0.6235, 0.8036, 0.8106, 0.7965, 0.5934, 0.7849, 0.7912, 0.8023, 0.785, 0.8, 0.8007, 0.8043, 0.7894, 0.8019], [0.8048, 0.8229, 0.7822, 0.7995, 0.2318, 0.8182, 0.8143, 0.7108, 0.8078, 0.8097, 0.8038, 0.8214, 0.8137, 0.8069, 0.8393, 0.825, 0.8275, 0.7762, 0.8209, 0.8107, 0.8044, 0.2801, 0.8314], [0.8596, 0.8712, 0.8579, 0.8625, 0.8769, 0.8738, 0.8793, 0.8691, 0.866, 0.8538, 0.8498, 0.864, 0.8637, 0.8628, 0.874, 0.8728, 0.8616, 0.8684, 0.86, 0.8623, 0.8647, 0.8674, 0.8606], [0.788, 0.8015, 0.8012, 0.8034, 0.8045, 0.7978, 0.7993, 0.7769, 0.7938, 0.7922, 0.7989, 0.8031, 0.7993, 0.7756, 0.8012, 0.8007, 0.7971, 0.7976, 0.7974, 0.7856, 0.8037, 0.8023, 0.8044]]
Results: 	[[0.8347, 0.8194, 0.8302, 0.7675, 0.7926, 0.7941, 0.8256, 0.8139, 0.8185, 0.8341, 0.8188, 0.8039, 0.8317, 0.8222, 0.8314, 0.7753, 0.8152, 0.8308, 0.8249, 0.2469, 0.8017, 0.8331, 0.826, 0.8334], [0.7793, 0.7699, 0.7795, 0.7662, 0.7661, 0.7561, 0.7599, 0.7728, 0.7729, 0.7634, 0.7688, 0.7704, 0.7687, 0.7733, 0.7692, 0.7796, 0.7517, 0.5135, 0.7641, 0.6659, 0.7804, 0.7697, 0.7105, 0.752], [0.7001, 0.7998, 0.7993, 0.8122, 0.8079, 0.7854, 0.7929, 0.8099, 0.807, 0.6235, 0.8036, 0.8106, 0.7965, 0.5934, 0.7849, 0.7912, 0.8023, 0.785, 0.8, 0.8007, 0.8043, 0.7894, 0.8019, 0.7784], [0.8048, 0.8229, 0.7822, 0.7995, 0.2318, 0.8182, 0.8143, 0.7108, 0.8078, 0.8097, 0.8038, 0.8214, 0.8137, 0.8069, 0.8393, 0.825, 0.8275, 0.7762, 0.8209, 0.8107, 0.8044, 0.2801, 0.8314, 0.8187], [0.8596, 0.8712, 0.8579, 0.8625, 0.8769, 0.8738, 0.8793, 0.8691, 0.866, 0.8538, 0.8498, 0.864, 0.8637, 0.8628, 0.874, 0.8728, 0.8616, 0.8684, 0.86, 0.8623, 0.8647, 0.8674, 0.8606, 0.8676], [0.788, 0.8015, 0.8012, 0.8034, 0.8045, 0.7978, 0.7993, 0.7769, 0.7938, 0.7922, 0.7989, 0.8031, 0.7993, 0.7756, 0.8012, 0.8007, 0.7971, 0.7976, 0.7974, 0.7856, 0.8037, 0.8023, 0.8044, 0.7989]]
Results: 	[[0.8347, 0.8194, 0.8302, 0.7675, 0.7926, 0.7941, 0.8256, 0.8139, 0.8185, 0.8341, 0.8188, 0.8039, 0.8317, 0.8222, 0.8314, 0.7753, 0.8152, 0.8308, 0.8249, 0.2469, 0.8017, 0.8331, 0.826, 0.8334, 0.8085], [0.7793, 0.7699, 0.7795, 0.7662, 0.7661, 0.7561, 0.7599, 0.7728, 0.7729, 0.7634, 0.7688, 0.7704, 0.7687, 0.7733, 0.7692, 0.7796, 0.7517, 0.5135, 0.7641, 0.6659, 0.7804, 0.7697, 0.7105, 0.752, 0.7838], [0.7001, 0.7998, 0.7993, 0.8122, 0.8079, 0.7854, 0.7929, 0.8099, 0.807, 0.6235, 0.8036, 0.8106, 0.7965, 0.5934, 0.7849, 0.7912, 0.8023, 0.785, 0.8, 0.8007, 0.8043, 0.7894, 0.8019, 0.7784, 0.8033], [0.8048, 0.8229, 0.7822, 0.7995, 0.2318, 0.8182, 0.8143, 0.7108, 0.8078, 0.8097, 0.8038, 0.8214, 0.8137, 0.8069, 0.8393, 0.825, 0.8275, 0.7762, 0.8209, 0.8107, 0.8044, 0.2801, 0.8314, 0.8187, 0.6457], [0.8596, 0.8712, 0.8579, 0.8625, 0.8769, 0.8738, 0.8793, 0.8691, 0.866, 0.8538, 0.8498, 0.864, 0.8637, 0.8628, 0.874, 0.8728, 0.8616, 0.8684, 0.86, 0.8623, 0.8647, 0.8674, 0.8606, 0.8676, 0.8837], [0.788, 0.8015, 0.8012, 0.8034, 0.8045, 0.7978, 0.7993, 0.7769, 0.7938, 0.7922, 0.7989, 0.8031, 0.7993, 0.7756, 0.8012, 0.8007, 0.7971, 0.7976, 0.7974, 0.7856, 0.8037, 0.8023, 0.8044, 0.7989, 0.8027]]
Results: 	[[0.8347, 0.8194, 0.8302, 0.7675, 0.7926, 0.7941, 0.8256, 0.8139, 0.8185, 0.8341, 0.8188, 0.8039, 0.8317, 0.8222, 0.8314, 0.7753, 0.8152, 0.8308, 0.8249, 0.2469, 0.8017, 0.8331, 0.826, 0.8334, 0.8085, 0.8303], [0.7793, 0.7699, 0.7795, 0.7662, 0.7661, 0.7561, 0.7599, 0.7728, 0.7729, 0.7634, 0.7688, 0.7704, 0.7687, 0.7733, 0.7692, 0.7796, 0.7517, 0.5135, 0.7641, 0.6659, 0.7804, 0.7697, 0.7105, 0.752, 0.7838, 0.759], [0.7001, 0.7998, 0.7993, 0.8122, 0.8079, 0.7854, 0.7929, 0.8099, 0.807, 0.6235, 0.8036, 0.8106, 0.7965, 0.5934, 0.7849, 0.7912, 0.8023, 0.785, 0.8, 0.8007, 0.8043, 0.7894, 0.8019, 0.7784, 0.8033, 0.7883], [0.8048, 0.8229, 0.7822, 0.7995, 0.2318, 0.8182, 0.8143, 0.7108, 0.8078, 0.8097, 0.8038, 0.8214, 0.8137, 0.8069, 0.8393, 0.825, 0.8275, 0.7762, 0.8209, 0.8107, 0.8044, 0.2801, 0.8314, 0.8187, 0.6457, 0.8238], [0.8596, 0.8712, 0.8579, 0.8625, 0.8769, 0.8738, 0.8793, 0.8691, 0.866, 0.8538, 0.8498, 0.864, 0.8637, 0.8628, 0.874, 0.8728, 0.8616, 0.8684, 0.86, 0.8623, 0.8647, 0.8674, 0.8606, 0.8676, 0.8837, 0.8701], [0.788, 0.8015, 0.8012, 0.8034, 0.8045, 0.7978, 0.7993, 0.7769, 0.7938, 0.7922, 0.7989, 0.8031, 0.7993, 0.7756, 0.8012, 0.8007, 0.7971, 0.7976, 0.7974, 0.7856, 0.8037, 0.8023, 0.8044, 0.7989, 0.8027, 0.7858]]
Results: 	[[0.8347, 0.8194, 0.8302, 0.7675, 0.7926, 0.7941, 0.8256, 0.8139, 0.8185, 0.8341, 0.8188, 0.8039, 0.8317, 0.8222, 0.8314, 0.7753, 0.8152, 0.8308, 0.8249, 0.2469, 0.8017, 0.8331, 0.826, 0.8334, 0.8085, 0.8303, 0.8227], [0.7793, 0.7699, 0.7795, 0.7662, 0.7661, 0.7561, 0.7599, 0.7728, 0.7729, 0.7634, 0.7688, 0.7704, 0.7687, 0.7733, 0.7692, 0.7796, 0.7517, 0.5135, 0.7641, 0.6659, 0.7804, 0.7697, 0.7105, 0.752, 0.7838, 0.759, 0.7566], [0.7001, 0.7998, 0.7993, 0.8122, 0.8079, 0.7854, 0.7929, 0.8099, 0.807, 0.6235, 0.8036, 0.8106, 0.7965, 0.5934, 0.7849, 0.7912, 0.8023, 0.785, 0.8, 0.8007, 0.8043, 0.7894, 0.8019, 0.7784, 0.8033, 0.7883, 0.8064], [0.8048, 0.8229, 0.7822, 0.7995, 0.2318, 0.8182, 0.8143, 0.7108, 0.8078, 0.8097, 0.8038, 0.8214, 0.8137, 0.8069, 0.8393, 0.825, 0.8275, 0.7762, 0.8209, 0.8107, 0.8044, 0.2801, 0.8314, 0.8187, 0.6457, 0.8238, 0.8325], [0.8596, 0.8712, 0.8579, 0.8625, 0.8769, 0.8738, 0.8793, 0.8691, 0.866, 0.8538, 0.8498, 0.864, 0.8637, 0.8628, 0.874, 0.8728, 0.8616, 0.8684, 0.86, 0.8623, 0.8647, 0.8674, 0.8606, 0.8676, 0.8837, 0.8701, 0.861], [0.788, 0.8015, 0.8012, 0.8034, 0.8045, 0.7978, 0.7993, 0.7769, 0.7938, 0.7922, 0.7989, 0.8031, 0.7993, 0.7756, 0.8012, 0.8007, 0.7971, 0.7976, 0.7974, 0.7856, 0.8037, 0.8023, 0.8044, 0.7989, 0.8027, 0.7858, 0.35]]
Results: 	[[0.8347, 0.8194, 0.8302, 0.7675, 0.7926, 0.7941, 0.8256, 0.8139, 0.8185, 0.8341, 0.8188, 0.8039, 0.8317, 0.8222, 0.8314, 0.7753, 0.8152, 0.8308, 0.8249, 0.2469, 0.8017, 0.8331, 0.826, 0.8334, 0.8085, 0.8303, 0.8227, 0.8211], [0.7793, 0.7699, 0.7795, 0.7662, 0.7661, 0.7561, 0.7599, 0.7728, 0.7729, 0.7634, 0.7688, 0.7704, 0.7687, 0.7733, 0.7692, 0.7796, 0.7517, 0.5135, 0.7641, 0.6659, 0.7804, 0.7697, 0.7105, 0.752, 0.7838, 0.759, 0.7566, 0.7674], [0.7001, 0.7998, 0.7993, 0.8122, 0.8079, 0.7854, 0.7929, 0.8099, 0.807, 0.6235, 0.8036, 0.8106, 0.7965, 0.5934, 0.7849, 0.7912, 0.8023, 0.785, 0.8, 0.8007, 0.8043, 0.7894, 0.8019, 0.7784, 0.8033, 0.7883, 0.8064, 0.8028], [0.8048, 0.8229, 0.7822, 0.7995, 0.2318, 0.8182, 0.8143, 0.7108, 0.8078, 0.8097, 0.8038, 0.8214, 0.8137, 0.8069, 0.8393, 0.825, 0.8275, 0.7762, 0.8209, 0.8107, 0.8044, 0.2801, 0.8314, 0.8187, 0.6457, 0.8238, 0.8325, 0.7783], [0.8596, 0.8712, 0.8579, 0.8625, 0.8769, 0.8738, 0.8793, 0.8691, 0.866, 0.8538, 0.8498, 0.864, 0.8637, 0.8628, 0.874, 0.8728, 0.8616, 0.8684, 0.86, 0.8623, 0.8647, 0.8674, 0.8606, 0.8676, 0.8837, 0.8701, 0.861, 0.8676], [0.788, 0.8015, 0.8012, 0.8034, 0.8045, 0.7978, 0.7993, 0.7769, 0.7938, 0.7922, 0.7989, 0.8031, 0.7993, 0.7756, 0.8012, 0.8007, 0.7971, 0.7976, 0.7974, 0.7856, 0.8037, 0.8023, 0.8044, 0.7989, 0.8027, 0.7858, 0.35, 0.7804]]
Results: 	[[0.8347, 0.8194, 0.8302, 0.7675, 0.7926, 0.7941, 0.8256, 0.8139, 0.8185, 0.8341, 0.8188, 0.8039, 0.8317, 0.8222, 0.8314, 0.7753, 0.8152, 0.8308, 0.8249, 0.2469, 0.8017, 0.8331, 0.826, 0.8334, 0.8085, 0.8303, 0.8227, 0.8211, 0.8111], [0.7793, 0.7699, 0.7795, 0.7662, 0.7661, 0.7561, 0.7599, 0.7728, 0.7729, 0.7634, 0.7688, 0.7704, 0.7687, 0.7733, 0.7692, 0.7796, 0.7517, 0.5135, 0.7641, 0.6659, 0.7804, 0.7697, 0.7105, 0.752, 0.7838, 0.759, 0.7566, 0.7674, 0.7687], [0.7001, 0.7998, 0.7993, 0.8122, 0.8079, 0.7854, 0.7929, 0.8099, 0.807, 0.6235, 0.8036, 0.8106, 0.7965, 0.5934, 0.7849, 0.7912, 0.8023, 0.785, 0.8, 0.8007, 0.8043, 0.7894, 0.8019, 0.7784, 0.8033, 0.7883, 0.8064, 0.8028, 0.8106], [0.8048, 0.8229, 0.7822, 0.7995, 0.2318, 0.8182, 0.8143, 0.7108, 0.8078, 0.8097, 0.8038, 0.8214, 0.8137, 0.8069, 0.8393, 0.825, 0.8275, 0.7762, 0.8209, 0.8107, 0.8044, 0.2801, 0.8314, 0.8187, 0.6457, 0.8238, 0.8325, 0.7783, 0.8173], [0.8596, 0.8712, 0.8579, 0.8625, 0.8769, 0.8738, 0.8793, 0.8691, 0.866, 0.8538, 0.8498, 0.864, 0.8637, 0.8628, 0.874, 0.8728, 0.8616, 0.8684, 0.86, 0.8623, 0.8647, 0.8674, 0.8606, 0.8676, 0.8837, 0.8701, 0.861, 0.8676, 0.8676], [0.788, 0.8015, 0.8012, 0.8034, 0.8045, 0.7978, 0.7993, 0.7769, 0.7938, 0.7922, 0.7989, 0.8031, 0.7993, 0.7756, 0.8012, 0.8007, 0.7971, 0.7976, 0.7974, 0.7856, 0.8037, 0.8023, 0.8044, 0.7989, 0.8027, 0.7858, 0.35, 0.7804, 0.7961]]
Results: 	[[0.8347, 0.8194, 0.8302, 0.7675, 0.7926, 0.7941, 0.8256, 0.8139, 0.8185, 0.8341, 0.8188, 0.8039, 0.8317, 0.8222, 0.8314, 0.7753, 0.8152, 0.8308, 0.8249, 0.2469, 0.8017, 0.8331, 0.826, 0.8334, 0.8085, 0.8303, 0.8227, 0.8211, 0.8111, 0.7096], [0.7793, 0.7699, 0.7795, 0.7662, 0.7661, 0.7561, 0.7599, 0.7728, 0.7729, 0.7634, 0.7688, 0.7704, 0.7687, 0.7733, 0.7692, 0.7796, 0.7517, 0.5135, 0.7641, 0.6659, 0.7804, 0.7697, 0.7105, 0.752, 0.7838, 0.759, 0.7566, 0.7674, 0.7687, 0.7662], [0.7001, 0.7998, 0.7993, 0.8122, 0.8079, 0.7854, 0.7929, 0.8099, 0.807, 0.6235, 0.8036, 0.8106, 0.7965, 0.5934, 0.7849, 0.7912, 0.8023, 0.785, 0.8, 0.8007, 0.8043, 0.7894, 0.8019, 0.7784, 0.8033, 0.7883, 0.8064, 0.8028, 0.8106, 0.7317], [0.8048, 0.8229, 0.7822, 0.7995, 0.2318, 0.8182, 0.8143, 0.7108, 0.8078, 0.8097, 0.8038, 0.8214, 0.8137, 0.8069, 0.8393, 0.825, 0.8275, 0.7762, 0.8209, 0.8107, 0.8044, 0.2801, 0.8314, 0.8187, 0.6457, 0.8238, 0.8325, 0.7783, 0.8173, 0.8268], [0.8596, 0.8712, 0.8579, 0.8625, 0.8769, 0.8738, 0.8793, 0.8691, 0.866, 0.8538, 0.8498, 0.864, 0.8637, 0.8628, 0.874, 0.8728, 0.8616, 0.8684, 0.86, 0.8623, 0.8647, 0.8674, 0.8606, 0.8676, 0.8837, 0.8701, 0.861, 0.8676, 0.8676, 0.8639], [0.788, 0.8015, 0.8012, 0.8034, 0.8045, 0.7978, 0.7993, 0.7769, 0.7938, 0.7922, 0.7989, 0.8031, 0.7993, 0.7756, 0.8012, 0.8007, 0.7971, 0.7976, 0.7974, 0.7856, 0.8037, 0.8023, 0.8044, 0.7989, 0.8027, 0.7858, 0.35, 0.7804, 0.7961, 0.8007]]

-----------------------------------------------------------------
Task                                            Acc         F1      AUROC  (mean±std)
-----------------------------------------------------------------
Renal and urinary disorders              0.7195±0.0877  0.7595±0.1254  0.7943±0.1048
Pregnancy, puerperium and perinatal conditions 0.6863±0.1296  0.2776±0.0422  0.7542±0.0499
Ear and labyrinth disorders              0.7022±0.0371  0.6766±0.0624  0.7808±0.0515
Cardiac disorders                        0.6838±0.1130  0.7378±0.1227  0.7669±0.1417
Nervous system disorders                 0.7637±0.0765  0.8522±0.0561  0.8661±0.0071
Injury, poisoning and procedural complications 0.6965±0.0600  0.7450±0.0641  0.7813±0.0805

OVERALL AVERAGE                          0.7087              0.6748              0.7906
-----------------------------------------------------------------

=================================================================
Variant : Fingerprint-only  |  5-shot
Dataset : sider  |  K_shot=5
Tasks   : ['Renal and urinary disorders', 'Pregnancy, puerperium and perinatal conditions', 'Ear and labyrinth disorders', 'Cardiac disorders', 'Nervous system disorders', 'Injury, poisoning and procedural complications']
=================================================================
Results: 	[[0.8325], [0.6368], [0.8077], [0.8024], [0.8699], [0.8017]]
Results: 	[[0.8325, 0.8089], [0.6368, 0.7688], [0.8077, 0.8133], [0.8024, 0.8248], [0.8699, 0.8723], [0.8017, 0.8018]]
Results: 	[[0.8325, 0.8089, 0.807], [0.6368, 0.7688, 0.7635], [0.8077, 0.8133, 0.7855], [0.8024, 0.8248, 0.7988], [0.8699, 0.8723, 0.8733], [0.8017, 0.8018, 0.7833]]
Results: 	[[0.8325, 0.8089, 0.807, 0.8329], [0.6368, 0.7688, 0.7635, 0.7666], [0.8077, 0.8133, 0.7855, 0.7933], [0.8024, 0.8248, 0.7988, 0.8164], [0.8699, 0.8723, 0.8733, 0.8619], [0.8017, 0.8018, 0.7833, 0.8044]]
Results: 	[[0.8325, 0.8089, 0.807, 0.8329, 0.8212], [0.6368, 0.7688, 0.7635, 0.7666, 0.7759], [0.8077, 0.8133, 0.7855, 0.7933, 0.8138], [0.8024, 0.8248, 0.7988, 0.8164, 0.8103], [0.8699, 0.8723, 0.8733, 0.8619, 0.8685], [0.8017, 0.8018, 0.7833, 0.8044, 0.7536]]
Results: 	[[0.8325, 0.8089, 0.807, 0.8329, 0.8212, 0.8243], [0.6368, 0.7688, 0.7635, 0.7666, 0.7759, 0.7755], [0.8077, 0.8133, 0.7855, 0.7933, 0.8138, 0.8014], [0.8024, 0.8248, 0.7988, 0.8164, 0.8103, 0.8116], [0.8699, 0.8723, 0.8733, 0.8619, 0.8685, 0.8581], [0.8017, 0.8018, 0.7833, 0.8044, 0.7536, 0.7951]]
Results: 	[[0.8325, 0.8089, 0.807, 0.8329, 0.8212, 0.8243, 0.8327], [0.6368, 0.7688, 0.7635, 0.7666, 0.7759, 0.7755, 0.7637], [0.8077, 0.8133, 0.7855, 0.7933, 0.8138, 0.8014, 0.8037], [0.8024, 0.8248, 0.7988, 0.8164, 0.8103, 0.8116, 0.8252], [0.8699, 0.8723, 0.8733, 0.8619, 0.8685, 0.8581, 0.8626], [0.8017, 0.8018, 0.7833, 0.8044, 0.7536, 0.7951, 0.6528]]
Results: 	[[0.8325, 0.8089, 0.807, 0.8329, 0.8212, 0.8243, 0.8327, 0.8059], [0.6368, 0.7688, 0.7635, 0.7666, 0.7759, 0.7755, 0.7637, 0.7751], [0.8077, 0.8133, 0.7855, 0.7933, 0.8138, 0.8014, 0.8037, 0.8135], [0.8024, 0.8248, 0.7988, 0.8164, 0.8103, 0.8116, 0.8252, 0.792], [0.8699, 0.8723, 0.8733, 0.8619, 0.8685, 0.8581, 0.8626, 0.8796], [0.8017, 0.8018, 0.7833, 0.8044, 0.7536, 0.7951, 0.6528, 0.7866]]
Results: 	[[0.8325, 0.8089, 0.807, 0.8329, 0.8212, 0.8243, 0.8327, 0.8059, 0.8302], [0.6368, 0.7688, 0.7635, 0.7666, 0.7759, 0.7755, 0.7637, 0.7751, 0.7872], [0.8077, 0.8133, 0.7855, 0.7933, 0.8138, 0.8014, 0.8037, 0.8135, 0.8011], [0.8024, 0.8248, 0.7988, 0.8164, 0.8103, 0.8116, 0.8252, 0.792, 0.8176], [0.8699, 0.8723, 0.8733, 0.8619, 0.8685, 0.8581, 0.8626, 0.8796, 0.8636], [0.8017, 0.8018, 0.7833, 0.8044, 0.7536, 0.7951, 0.6528, 0.7866, 0.8018]]
Results: 	[[0.8325, 0.8089, 0.807, 0.8329, 0.8212, 0.8243, 0.8327, 0.8059, 0.8302, 0.8197], [0.6368, 0.7688, 0.7635, 0.7666, 0.7759, 0.7755, 0.7637, 0.7751, 0.7872, 0.7755], [0.8077, 0.8133, 0.7855, 0.7933, 0.8138, 0.8014, 0.8037, 0.8135, 0.8011, 0.794], [0.8024, 0.8248, 0.7988, 0.8164, 0.8103, 0.8116, 0.8252, 0.792, 0.8176, 0.8274], [0.8699, 0.8723, 0.8733, 0.8619, 0.8685, 0.8581, 0.8626, 0.8796, 0.8636, 0.866], [0.8017, 0.8018, 0.7833, 0.8044, 0.7536, 0.7951, 0.6528, 0.7866, 0.8018, 0.8021]]
Results: 	[[0.8325, 0.8089, 0.807, 0.8329, 0.8212, 0.8243, 0.8327, 0.8059, 0.8302, 0.8197, 0.8163], [0.6368, 0.7688, 0.7635, 0.7666, 0.7759, 0.7755, 0.7637, 0.7751, 0.7872, 0.7755, 0.77], [0.8077, 0.8133, 0.7855, 0.7933, 0.8138, 0.8014, 0.8037, 0.8135, 0.8011, 0.794, 0.8095], [0.8024, 0.8248, 0.7988, 0.8164, 0.8103, 0.8116, 0.8252, 0.792, 0.8176, 0.8274, 0.8339], [0.8699, 0.8723, 0.8733, 0.8619, 0.8685, 0.8581, 0.8626, 0.8796, 0.8636, 0.866, 0.8627], [0.8017, 0.8018, 0.7833, 0.8044, 0.7536, 0.7951, 0.6528, 0.7866, 0.8018, 0.8021, 0.7997]]
Results: 	[[0.8325, 0.8089, 0.807, 0.8329, 0.8212, 0.8243, 0.8327, 0.8059, 0.8302, 0.8197, 0.8163, 0.8209], [0.6368, 0.7688, 0.7635, 0.7666, 0.7759, 0.7755, 0.7637, 0.7751, 0.7872, 0.7755, 0.77, 0.7679], [0.8077, 0.8133, 0.7855, 0.7933, 0.8138, 0.8014, 0.8037, 0.8135, 0.8011, 0.794, 0.8095, 0.8052], [0.8024, 0.8248, 0.7988, 0.8164, 0.8103, 0.8116, 0.8252, 0.792, 0.8176, 0.8274, 0.8339, 0.7936], [0.8699, 0.8723, 0.8733, 0.8619, 0.8685, 0.8581, 0.8626, 0.8796, 0.8636, 0.866, 0.8627, 0.8634], [0.8017, 0.8018, 0.7833, 0.8044, 0.7536, 0.7951, 0.6528, 0.7866, 0.8018, 0.8021, 0.7997, 0.7915]]
Results: 	[[0.8325, 0.8089, 0.807, 0.8329, 0.8212, 0.8243, 0.8327, 0.8059, 0.8302, 0.8197, 0.8163, 0.8209, 0.8226], [0.6368, 0.7688, 0.7635, 0.7666, 0.7759, 0.7755, 0.7637, 0.7751, 0.7872, 0.7755, 0.77, 0.7679, 0.7433], [0.8077, 0.8133, 0.7855, 0.7933, 0.8138, 0.8014, 0.8037, 0.8135, 0.8011, 0.794, 0.8095, 0.8052, 0.8015], [0.8024, 0.8248, 0.7988, 0.8164, 0.8103, 0.8116, 0.8252, 0.792, 0.8176, 0.8274, 0.8339, 0.7936, 0.8133], [0.8699, 0.8723, 0.8733, 0.8619, 0.8685, 0.8581, 0.8626, 0.8796, 0.8636, 0.866, 0.8627, 0.8634, 0.8592], [0.8017, 0.8018, 0.7833, 0.8044, 0.7536, 0.7951, 0.6528, 0.7866, 0.8018, 0.8021, 0.7997, 0.7915, 0.8076]]
Results: 	[[0.8325, 0.8089, 0.807, 0.8329, 0.8212, 0.8243, 0.8327, 0.8059, 0.8302, 0.8197, 0.8163, 0.8209, 0.8226, 0.7875], [0.6368, 0.7688, 0.7635, 0.7666, 0.7759, 0.7755, 0.7637, 0.7751, 0.7872, 0.7755, 0.77, 0.7679, 0.7433, 0.22], [0.8077, 0.8133, 0.7855, 0.7933, 0.8138, 0.8014, 0.8037, 0.8135, 0.8011, 0.794, 0.8095, 0.8052, 0.8015, 0.7911], [0.8024, 0.8248, 0.7988, 0.8164, 0.8103, 0.8116, 0.8252, 0.792, 0.8176, 0.8274, 0.8339, 0.7936, 0.8133, 0.8184], [0.8699, 0.8723, 0.8733, 0.8619, 0.8685, 0.8581, 0.8626, 0.8796, 0.8636, 0.866, 0.8627, 0.8634, 0.8592, 0.8664], [0.8017, 0.8018, 0.7833, 0.8044, 0.7536, 0.7951, 0.6528, 0.7866, 0.8018, 0.8021, 0.7997, 0.7915, 0.8076, 0.7698]]
Results: 	[[0.8325, 0.8089, 0.807, 0.8329, 0.8212, 0.8243, 0.8327, 0.8059, 0.8302, 0.8197, 0.8163, 0.8209, 0.8226, 0.7875, 0.8181], [0.6368, 0.7688, 0.7635, 0.7666, 0.7759, 0.7755, 0.7637, 0.7751, 0.7872, 0.7755, 0.77, 0.7679, 0.7433, 0.22, 0.768], [0.8077, 0.8133, 0.7855, 0.7933, 0.8138, 0.8014, 0.8037, 0.8135, 0.8011, 0.794, 0.8095, 0.8052, 0.8015, 0.7911, 0.8054], [0.8024, 0.8248, 0.7988, 0.8164, 0.8103, 0.8116, 0.8252, 0.792, 0.8176, 0.8274, 0.8339, 0.7936, 0.8133, 0.8184, 0.7927], [0.8699, 0.8723, 0.8733, 0.8619, 0.8685, 0.8581, 0.8626, 0.8796, 0.8636, 0.866, 0.8627, 0.8634, 0.8592, 0.8664, 0.8612], [0.8017, 0.8018, 0.7833, 0.8044, 0.7536, 0.7951, 0.6528, 0.7866, 0.8018, 0.8021, 0.7997, 0.7915, 0.8076, 0.7698, 0.7774]]
Results: 	[[0.8325, 0.8089, 0.807, 0.8329, 0.8212, 0.8243, 0.8327, 0.8059, 0.8302, 0.8197, 0.8163, 0.8209, 0.8226, 0.7875, 0.8181, 0.826], [0.6368, 0.7688, 0.7635, 0.7666, 0.7759, 0.7755, 0.7637, 0.7751, 0.7872, 0.7755, 0.77, 0.7679, 0.7433, 0.22, 0.768, 0.7781], [0.8077, 0.8133, 0.7855, 0.7933, 0.8138, 0.8014, 0.8037, 0.8135, 0.8011, 0.794, 0.8095, 0.8052, 0.8015, 0.7911, 0.8054, 0.8069], [0.8024, 0.8248, 0.7988, 0.8164, 0.8103, 0.8116, 0.8252, 0.792, 0.8176, 0.8274, 0.8339, 0.7936, 0.8133, 0.8184, 0.7927, 0.2599], [0.8699, 0.8723, 0.8733, 0.8619, 0.8685, 0.8581, 0.8626, 0.8796, 0.8636, 0.866, 0.8627, 0.8634, 0.8592, 0.8664, 0.8612, 0.8686], [0.8017, 0.8018, 0.7833, 0.8044, 0.7536, 0.7951, 0.6528, 0.7866, 0.8018, 0.8021, 0.7997, 0.7915, 0.8076, 0.7698, 0.7774, 0.7934]]
Results: 	[[0.8325, 0.8089, 0.807, 0.8329, 0.8212, 0.8243, 0.8327, 0.8059, 0.8302, 0.8197, 0.8163, 0.8209, 0.8226, 0.7875, 0.8181, 0.826, 0.7441], [0.6368, 0.7688, 0.7635, 0.7666, 0.7759, 0.7755, 0.7637, 0.7751, 0.7872, 0.7755, 0.77, 0.7679, 0.7433, 0.22, 0.768, 0.7781, 0.7787], [0.8077, 0.8133, 0.7855, 0.7933, 0.8138, 0.8014, 0.8037, 0.8135, 0.8011, 0.794, 0.8095, 0.8052, 0.8015, 0.7911, 0.8054, 0.8069, 0.8119], [0.8024, 0.8248, 0.7988, 0.8164, 0.8103, 0.8116, 0.8252, 0.792, 0.8176, 0.8274, 0.8339, 0.7936, 0.8133, 0.8184, 0.7927, 0.2599, 0.7919], [0.8699, 0.8723, 0.8733, 0.8619, 0.8685, 0.8581, 0.8626, 0.8796, 0.8636, 0.866, 0.8627, 0.8634, 0.8592, 0.8664, 0.8612, 0.8686, 0.8744], [0.8017, 0.8018, 0.7833, 0.8044, 0.7536, 0.7951, 0.6528, 0.7866, 0.8018, 0.8021, 0.7997, 0.7915, 0.8076, 0.7698, 0.7774, 0.7934, 0.7997]]
Results: 	[[0.8325, 0.8089, 0.807, 0.8329, 0.8212, 0.8243, 0.8327, 0.8059, 0.8302, 0.8197, 0.8163, 0.8209, 0.8226, 0.7875, 0.8181, 0.826, 0.7441, 0.7849], [0.6368, 0.7688, 0.7635, 0.7666, 0.7759, 0.7755, 0.7637, 0.7751, 0.7872, 0.7755, 0.77, 0.7679, 0.7433, 0.22, 0.768, 0.7781, 0.7787, 0.7654], [0.8077, 0.8133, 0.7855, 0.7933, 0.8138, 0.8014, 0.8037, 0.8135, 0.8011, 0.794, 0.8095, 0.8052, 0.8015, 0.7911, 0.8054, 0.8069, 0.8119, 0.8067], [0.8024, 0.8248, 0.7988, 0.8164, 0.8103, 0.8116, 0.8252, 0.792, 0.8176, 0.8274, 0.8339, 0.7936, 0.8133, 0.8184, 0.7927, 0.2599, 0.7919, 0.8196], [0.8699, 0.8723, 0.8733, 0.8619, 0.8685, 0.8581, 0.8626, 0.8796, 0.8636, 0.866, 0.8627, 0.8634, 0.8592, 0.8664, 0.8612, 0.8686, 0.8744, 0.8719], [0.8017, 0.8018, 0.7833, 0.8044, 0.7536, 0.7951, 0.6528, 0.7866, 0.8018, 0.8021, 0.7997, 0.7915, 0.8076, 0.7698, 0.7774, 0.7934, 0.7997, 0.7912]]
Results: 	[[0.8325, 0.8089, 0.807, 0.8329, 0.8212, 0.8243, 0.8327, 0.8059, 0.8302, 0.8197, 0.8163, 0.8209, 0.8226, 0.7875, 0.8181, 0.826, 0.7441, 0.7849, 0.8047], [0.6368, 0.7688, 0.7635, 0.7666, 0.7759, 0.7755, 0.7637, 0.7751, 0.7872, 0.7755, 0.77, 0.7679, 0.7433, 0.22, 0.768, 0.7781, 0.7787, 0.7654, 0.7813], [0.8077, 0.8133, 0.7855, 0.7933, 0.8138, 0.8014, 0.8037, 0.8135, 0.8011, 0.794, 0.8095, 0.8052, 0.8015, 0.7911, 0.8054, 0.8069, 0.8119, 0.8067, 0.8087], [0.8024, 0.8248, 0.7988, 0.8164, 0.8103, 0.8116, 0.8252, 0.792, 0.8176, 0.8274, 0.8339, 0.7936, 0.8133, 0.8184, 0.7927, 0.2599, 0.7919, 0.8196, 0.8249], [0.8699, 0.8723, 0.8733, 0.8619, 0.8685, 0.8581, 0.8626, 0.8796, 0.8636, 0.866, 0.8627, 0.8634, 0.8592, 0.8664, 0.8612, 0.8686, 0.8744, 0.8719, 0.8531], [0.8017, 0.8018, 0.7833, 0.8044, 0.7536, 0.7951, 0.6528, 0.7866, 0.8018, 0.8021, 0.7997, 0.7915, 0.8076, 0.7698, 0.7774, 0.7934, 0.7997, 0.7912, 0.8014]]
Results: 	[[0.8325, 0.8089, 0.807, 0.8329, 0.8212, 0.8243, 0.8327, 0.8059, 0.8302, 0.8197, 0.8163, 0.8209, 0.8226, 0.7875, 0.8181, 0.826, 0.7441, 0.7849, 0.8047, 0.8129], [0.6368, 0.7688, 0.7635, 0.7666, 0.7759, 0.7755, 0.7637, 0.7751, 0.7872, 0.7755, 0.77, 0.7679, 0.7433, 0.22, 0.768, 0.7781, 0.7787, 0.7654, 0.7813, 0.7731], [0.8077, 0.8133, 0.7855, 0.7933, 0.8138, 0.8014, 0.8037, 0.8135, 0.8011, 0.794, 0.8095, 0.8052, 0.8015, 0.7911, 0.8054, 0.8069, 0.8119, 0.8067, 0.8087, 0.814], [0.8024, 0.8248, 0.7988, 0.8164, 0.8103, 0.8116, 0.8252, 0.792, 0.8176, 0.8274, 0.8339, 0.7936, 0.8133, 0.8184, 0.7927, 0.2599, 0.7919, 0.8196, 0.8249, 0.7977], [0.8699, 0.8723, 0.8733, 0.8619, 0.8685, 0.8581, 0.8626, 0.8796, 0.8636, 0.866, 0.8627, 0.8634, 0.8592, 0.8664, 0.8612, 0.8686, 0.8744, 0.8719, 0.8531, 0.8672], [0.8017, 0.8018, 0.7833, 0.8044, 0.7536, 0.7951, 0.6528, 0.7866, 0.8018, 0.8021, 0.7997, 0.7915, 0.8076, 0.7698, 0.7774, 0.7934, 0.7997, 0.7912, 0.8014, 0.8037]]
Results: 	[[0.8325, 0.8089, 0.807, 0.8329, 0.8212, 0.8243, 0.8327, 0.8059, 0.8302, 0.8197, 0.8163, 0.8209, 0.8226, 0.7875, 0.8181, 0.826, 0.7441, 0.7849, 0.8047, 0.8129, 0.4063], [0.6368, 0.7688, 0.7635, 0.7666, 0.7759, 0.7755, 0.7637, 0.7751, 0.7872, 0.7755, 0.77, 0.7679, 0.7433, 0.22, 0.768, 0.7781, 0.7787, 0.7654, 0.7813, 0.7731, 0.769], [0.8077, 0.8133, 0.7855, 0.7933, 0.8138, 0.8014, 0.8037, 0.8135, 0.8011, 0.794, 0.8095, 0.8052, 0.8015, 0.7911, 0.8054, 0.8069, 0.8119, 0.8067, 0.8087, 0.814, 0.8039], [0.8024, 0.8248, 0.7988, 0.8164, 0.8103, 0.8116, 0.8252, 0.792, 0.8176, 0.8274, 0.8339, 0.7936, 0.8133, 0.8184, 0.7927, 0.2599, 0.7919, 0.8196, 0.8249, 0.7977, 0.817], [0.8699, 0.8723, 0.8733, 0.8619, 0.8685, 0.8581, 0.8626, 0.8796, 0.8636, 0.866, 0.8627, 0.8634, 0.8592, 0.8664, 0.8612, 0.8686, 0.8744, 0.8719, 0.8531, 0.8672, 0.858], [0.8017, 0.8018, 0.7833, 0.8044, 0.7536, 0.7951, 0.6528, 0.7866, 0.8018, 0.8021, 0.7997, 0.7915, 0.8076, 0.7698, 0.7774, 0.7934, 0.7997, 0.7912, 0.8014, 0.8037, 0.7992]]
Results: 	[[0.8325, 0.8089, 0.807, 0.8329, 0.8212, 0.8243, 0.8327, 0.8059, 0.8302, 0.8197, 0.8163, 0.8209, 0.8226, 0.7875, 0.8181, 0.826, 0.7441, 0.7849, 0.8047, 0.8129, 0.4063, 0.8219], [0.6368, 0.7688, 0.7635, 0.7666, 0.7759, 0.7755, 0.7637, 0.7751, 0.7872, 0.7755, 0.77, 0.7679, 0.7433, 0.22, 0.768, 0.7781, 0.7787, 0.7654, 0.7813, 0.7731, 0.769, 0.7507], [0.8077, 0.8133, 0.7855, 0.7933, 0.8138, 0.8014, 0.8037, 0.8135, 0.8011, 0.794, 0.8095, 0.8052, 0.8015, 0.7911, 0.8054, 0.8069, 0.8119, 0.8067, 0.8087, 0.814, 0.8039, 0.7823], [0.8024, 0.8248, 0.7988, 0.8164, 0.8103, 0.8116, 0.8252, 0.792, 0.8176, 0.8274, 0.8339, 0.7936, 0.8133, 0.8184, 0.7927, 0.2599, 0.7919, 0.8196, 0.8249, 0.7977, 0.817, 0.8103], [0.8699, 0.8723, 0.8733, 0.8619, 0.8685, 0.8581, 0.8626, 0.8796, 0.8636, 0.866, 0.8627, 0.8634, 0.8592, 0.8664, 0.8612, 0.8686, 0.8744, 0.8719, 0.8531, 0.8672, 0.858, 0.868], [0.8017, 0.8018, 0.7833, 0.8044, 0.7536, 0.7951, 0.6528, 0.7866, 0.8018, 0.8021, 0.7997, 0.7915, 0.8076, 0.7698, 0.7774, 0.7934, 0.7997, 0.7912, 0.8014, 0.8037, 0.7992, 0.7136]]
Results: 	[[0.8325, 0.8089, 0.807, 0.8329, 0.8212, 0.8243, 0.8327, 0.8059, 0.8302, 0.8197, 0.8163, 0.8209, 0.8226, 0.7875, 0.8181, 0.826, 0.7441, 0.7849, 0.8047, 0.8129, 0.4063, 0.8219, 0.797], [0.6368, 0.7688, 0.7635, 0.7666, 0.7759, 0.7755, 0.7637, 0.7751, 0.7872, 0.7755, 0.77, 0.7679, 0.7433, 0.22, 0.768, 0.7781, 0.7787, 0.7654, 0.7813, 0.7731, 0.769, 0.7507, 0.7707], [0.8077, 0.8133, 0.7855, 0.7933, 0.8138, 0.8014, 0.8037, 0.8135, 0.8011, 0.794, 0.8095, 0.8052, 0.8015, 0.7911, 0.8054, 0.8069, 0.8119, 0.8067, 0.8087, 0.814, 0.8039, 0.7823, 0.8031], [0.8024, 0.8248, 0.7988, 0.8164, 0.8103, 0.8116, 0.8252, 0.792, 0.8176, 0.8274, 0.8339, 0.7936, 0.8133, 0.8184, 0.7927, 0.2599, 0.7919, 0.8196, 0.8249, 0.7977, 0.817, 0.8103, 0.8153], [0.8699, 0.8723, 0.8733, 0.8619, 0.8685, 0.8581, 0.8626, 0.8796, 0.8636, 0.866, 0.8627, 0.8634, 0.8592, 0.8664, 0.8612, 0.8686, 0.8744, 0.8719, 0.8531, 0.8672, 0.858, 0.868, 0.8735], [0.8017, 0.8018, 0.7833, 0.8044, 0.7536, 0.7951, 0.6528, 0.7866, 0.8018, 0.8021, 0.7997, 0.7915, 0.8076, 0.7698, 0.7774, 0.7934, 0.7997, 0.7912, 0.8014, 0.8037, 0.7992, 0.7136, 0.7943]]
Results: 	[[0.8325, 0.8089, 0.807, 0.8329, 0.8212, 0.8243, 0.8327, 0.8059, 0.8302, 0.8197, 0.8163, 0.8209, 0.8226, 0.7875, 0.8181, 0.826, 0.7441, 0.7849, 0.8047, 0.8129, 0.4063, 0.8219, 0.797, 0.827], [0.6368, 0.7688, 0.7635, 0.7666, 0.7759, 0.7755, 0.7637, 0.7751, 0.7872, 0.7755, 0.77, 0.7679, 0.7433, 0.22, 0.768, 0.7781, 0.7787, 0.7654, 0.7813, 0.7731, 0.769, 0.7507, 0.7707, 0.7691], [0.8077, 0.8133, 0.7855, 0.7933, 0.8138, 0.8014, 0.8037, 0.8135, 0.8011, 0.794, 0.8095, 0.8052, 0.8015, 0.7911, 0.8054, 0.8069, 0.8119, 0.8067, 0.8087, 0.814, 0.8039, 0.7823, 0.8031, 0.7977], [0.8024, 0.8248, 0.7988, 0.8164, 0.8103, 0.8116, 0.8252, 0.792, 0.8176, 0.8274, 0.8339, 0.7936, 0.8133, 0.8184, 0.7927, 0.2599, 0.7919, 0.8196, 0.8249, 0.7977, 0.817, 0.8103, 0.8153, 0.6729], [0.8699, 0.8723, 0.8733, 0.8619, 0.8685, 0.8581, 0.8626, 0.8796, 0.8636, 0.866, 0.8627, 0.8634, 0.8592, 0.8664, 0.8612, 0.8686, 0.8744, 0.8719, 0.8531, 0.8672, 0.858, 0.868, 0.8735, 0.8727], [0.8017, 0.8018, 0.7833, 0.8044, 0.7536, 0.7951, 0.6528, 0.7866, 0.8018, 0.8021, 0.7997, 0.7915, 0.8076, 0.7698, 0.7774, 0.7934, 0.7997, 0.7912, 0.8014, 0.8037, 0.7992, 0.7136, 0.7943, 0.8002]]
Results: 	[[0.8325, 0.8089, 0.807, 0.8329, 0.8212, 0.8243, 0.8327, 0.8059, 0.8302, 0.8197, 0.8163, 0.8209, 0.8226, 0.7875, 0.8181, 0.826, 0.7441, 0.7849, 0.8047, 0.8129, 0.4063, 0.8219, 0.797, 0.827, 0.8312], [0.6368, 0.7688, 0.7635, 0.7666, 0.7759, 0.7755, 0.7637, 0.7751, 0.7872, 0.7755, 0.77, 0.7679, 0.7433, 0.22, 0.768, 0.7781, 0.7787, 0.7654, 0.7813, 0.7731, 0.769, 0.7507, 0.7707, 0.7691, 0.7631], [0.8077, 0.8133, 0.7855, 0.7933, 0.8138, 0.8014, 0.8037, 0.8135, 0.8011, 0.794, 0.8095, 0.8052, 0.8015, 0.7911, 0.8054, 0.8069, 0.8119, 0.8067, 0.8087, 0.814, 0.8039, 0.7823, 0.8031, 0.7977, 0.7917], [0.8024, 0.8248, 0.7988, 0.8164, 0.8103, 0.8116, 0.8252, 0.792, 0.8176, 0.8274, 0.8339, 0.7936, 0.8133, 0.8184, 0.7927, 0.2599, 0.7919, 0.8196, 0.8249, 0.7977, 0.817, 0.8103, 0.8153, 0.6729, 0.7822], [0.8699, 0.8723, 0.8733, 0.8619, 0.8685, 0.8581, 0.8626, 0.8796, 0.8636, 0.866, 0.8627, 0.8634, 0.8592, 0.8664, 0.8612, 0.8686, 0.8744, 0.8719, 0.8531, 0.8672, 0.858, 0.868, 0.8735, 0.8727, 0.8714], [0.8017, 0.8018, 0.7833, 0.8044, 0.7536, 0.7951, 0.6528, 0.7866, 0.8018, 0.8021, 0.7997, 0.7915, 0.8076, 0.7698, 0.7774, 0.7934, 0.7997, 0.7912, 0.8014, 0.8037, 0.7992, 0.7136, 0.7943, 0.8002, 0.7886]]
Results: 	[[0.8325, 0.8089, 0.807, 0.8329, 0.8212, 0.8243, 0.8327, 0.8059, 0.8302, 0.8197, 0.8163, 0.8209, 0.8226, 0.7875, 0.8181, 0.826, 0.7441, 0.7849, 0.8047, 0.8129, 0.4063, 0.8219, 0.797, 0.827, 0.8312, 0.8197], [0.6368, 0.7688, 0.7635, 0.7666, 0.7759, 0.7755, 0.7637, 0.7751, 0.7872, 0.7755, 0.77, 0.7679, 0.7433, 0.22, 0.768, 0.7781, 0.7787, 0.7654, 0.7813, 0.7731, 0.769, 0.7507, 0.7707, 0.7691, 0.7631, 0.6899], [0.8077, 0.8133, 0.7855, 0.7933, 0.8138, 0.8014, 0.8037, 0.8135, 0.8011, 0.794, 0.8095, 0.8052, 0.8015, 0.7911, 0.8054, 0.8069, 0.8119, 0.8067, 0.8087, 0.814, 0.8039, 0.7823, 0.8031, 0.7977, 0.7917, 0.8022], [0.8024, 0.8248, 0.7988, 0.8164, 0.8103, 0.8116, 0.8252, 0.792, 0.8176, 0.8274, 0.8339, 0.7936, 0.8133, 0.8184, 0.7927, 0.2599, 0.7919, 0.8196, 0.8249, 0.7977, 0.817, 0.8103, 0.8153, 0.6729, 0.7822, 0.8318], [0.8699, 0.8723, 0.8733, 0.8619, 0.8685, 0.8581, 0.8626, 0.8796, 0.8636, 0.866, 0.8627, 0.8634, 0.8592, 0.8664, 0.8612, 0.8686, 0.8744, 0.8719, 0.8531, 0.8672, 0.858, 0.868, 0.8735, 0.8727, 0.8714, 0.8718], [0.8017, 0.8018, 0.7833, 0.8044, 0.7536, 0.7951, 0.6528, 0.7866, 0.8018, 0.8021, 0.7997, 0.7915, 0.8076, 0.7698, 0.7774, 0.7934, 0.7997, 0.7912, 0.8014, 0.8037, 0.7992, 0.7136, 0.7943, 0.8002, 0.7886, 0.7969]]
Results: 	[[0.8325, 0.8089, 0.807, 0.8329, 0.8212, 0.8243, 0.8327, 0.8059, 0.8302, 0.8197, 0.8163, 0.8209, 0.8226, 0.7875, 0.8181, 0.826, 0.7441, 0.7849, 0.8047, 0.8129, 0.4063, 0.8219, 0.797, 0.827, 0.8312, 0.8197, 0.8216], [0.6368, 0.7688, 0.7635, 0.7666, 0.7759, 0.7755, 0.7637, 0.7751, 0.7872, 0.7755, 0.77, 0.7679, 0.7433, 0.22, 0.768, 0.7781, 0.7787, 0.7654, 0.7813, 0.7731, 0.769, 0.7507, 0.7707, 0.7691, 0.7631, 0.6899, 0.7753], [0.8077, 0.8133, 0.7855, 0.7933, 0.8138, 0.8014, 0.8037, 0.8135, 0.8011, 0.794, 0.8095, 0.8052, 0.8015, 0.7911, 0.8054, 0.8069, 0.8119, 0.8067, 0.8087, 0.814, 0.8039, 0.7823, 0.8031, 0.7977, 0.7917, 0.8022, 0.7976], [0.8024, 0.8248, 0.7988, 0.8164, 0.8103, 0.8116, 0.8252, 0.792, 0.8176, 0.8274, 0.8339, 0.7936, 0.8133, 0.8184, 0.7927, 0.2599, 0.7919, 0.8196, 0.8249, 0.7977, 0.817, 0.8103, 0.8153, 0.6729, 0.7822, 0.8318, 0.8178], [0.8699, 0.8723, 0.8733, 0.8619, 0.8685, 0.8581, 0.8626, 0.8796, 0.8636, 0.866, 0.8627, 0.8634, 0.8592, 0.8664, 0.8612, 0.8686, 0.8744, 0.8719, 0.8531, 0.8672, 0.858, 0.868, 0.8735, 0.8727, 0.8714, 0.8718, 0.8613], [0.8017, 0.8018, 0.7833, 0.8044, 0.7536, 0.7951, 0.6528, 0.7866, 0.8018, 0.8021, 0.7997, 0.7915, 0.8076, 0.7698, 0.7774, 0.7934, 0.7997, 0.7912, 0.8014, 0.8037, 0.7992, 0.7136, 0.7943, 0.8002, 0.7886, 0.7969, 0.7953]]
Results: 	[[0.8325, 0.8089, 0.807, 0.8329, 0.8212, 0.8243, 0.8327, 0.8059, 0.8302, 0.8197, 0.8163, 0.8209, 0.8226, 0.7875, 0.8181, 0.826, 0.7441, 0.7849, 0.8047, 0.8129, 0.4063, 0.8219, 0.797, 0.827, 0.8312, 0.8197, 0.8216, 0.8255], [0.6368, 0.7688, 0.7635, 0.7666, 0.7759, 0.7755, 0.7637, 0.7751, 0.7872, 0.7755, 0.77, 0.7679, 0.7433, 0.22, 0.768, 0.7781, 0.7787, 0.7654, 0.7813, 0.7731, 0.769, 0.7507, 0.7707, 0.7691, 0.7631, 0.6899, 0.7753, 0.7667], [0.8077, 0.8133, 0.7855, 0.7933, 0.8138, 0.8014, 0.8037, 0.8135, 0.8011, 0.794, 0.8095, 0.8052, 0.8015, 0.7911, 0.8054, 0.8069, 0.8119, 0.8067, 0.8087, 0.814, 0.8039, 0.7823, 0.8031, 0.7977, 0.7917, 0.8022, 0.7976, 0.8074], [0.8024, 0.8248, 0.7988, 0.8164, 0.8103, 0.8116, 0.8252, 0.792, 0.8176, 0.8274, 0.8339, 0.7936, 0.8133, 0.8184, 0.7927, 0.2599, 0.7919, 0.8196, 0.8249, 0.7977, 0.817, 0.8103, 0.8153, 0.6729, 0.7822, 0.8318, 0.8178, 0.7939], [0.8699, 0.8723, 0.8733, 0.8619, 0.8685, 0.8581, 0.8626, 0.8796, 0.8636, 0.866, 0.8627, 0.8634, 0.8592, 0.8664, 0.8612, 0.8686, 0.8744, 0.8719, 0.8531, 0.8672, 0.858, 0.868, 0.8735, 0.8727, 0.8714, 0.8718, 0.8613, 0.8719], [0.8017, 0.8018, 0.7833, 0.8044, 0.7536, 0.7951, 0.6528, 0.7866, 0.8018, 0.8021, 0.7997, 0.7915, 0.8076, 0.7698, 0.7774, 0.7934, 0.7997, 0.7912, 0.8014, 0.8037, 0.7992, 0.7136, 0.7943, 0.8002, 0.7886, 0.7969, 0.7953, 0.7981]]
Results: 	[[0.8325, 0.8089, 0.807, 0.8329, 0.8212, 0.8243, 0.8327, 0.8059, 0.8302, 0.8197, 0.8163, 0.8209, 0.8226, 0.7875, 0.8181, 0.826, 0.7441, 0.7849, 0.8047, 0.8129, 0.4063, 0.8219, 0.797, 0.827, 0.8312, 0.8197, 0.8216, 0.8255, 0.7808], [0.6368, 0.7688, 0.7635, 0.7666, 0.7759, 0.7755, 0.7637, 0.7751, 0.7872, 0.7755, 0.77, 0.7679, 0.7433, 0.22, 0.768, 0.7781, 0.7787, 0.7654, 0.7813, 0.7731, 0.769, 0.7507, 0.7707, 0.7691, 0.7631, 0.6899, 0.7753, 0.7667, 0.7649], [0.8077, 0.8133, 0.7855, 0.7933, 0.8138, 0.8014, 0.8037, 0.8135, 0.8011, 0.794, 0.8095, 0.8052, 0.8015, 0.7911, 0.8054, 0.8069, 0.8119, 0.8067, 0.8087, 0.814, 0.8039, 0.7823, 0.8031, 0.7977, 0.7917, 0.8022, 0.7976, 0.8074, 0.7798], [0.8024, 0.8248, 0.7988, 0.8164, 0.8103, 0.8116, 0.8252, 0.792, 0.8176, 0.8274, 0.8339, 0.7936, 0.8133, 0.8184, 0.7927, 0.2599, 0.7919, 0.8196, 0.8249, 0.7977, 0.817, 0.8103, 0.8153, 0.6729, 0.7822, 0.8318, 0.8178, 0.7939, 0.8186], [0.8699, 0.8723, 0.8733, 0.8619, 0.8685, 0.8581, 0.8626, 0.8796, 0.8636, 0.866, 0.8627, 0.8634, 0.8592, 0.8664, 0.8612, 0.8686, 0.8744, 0.8719, 0.8531, 0.8672, 0.858, 0.868, 0.8735, 0.8727, 0.8714, 0.8718, 0.8613, 0.8719, 0.8591], [0.8017, 0.8018, 0.7833, 0.8044, 0.7536, 0.7951, 0.6528, 0.7866, 0.8018, 0.8021, 0.7997, 0.7915, 0.8076, 0.7698, 0.7774, 0.7934, 0.7997, 0.7912, 0.8014, 0.8037, 0.7992, 0.7136, 0.7943, 0.8002, 0.7886, 0.7969, 0.7953, 0.7981, 0.804]]
Results: 	[[0.8325, 0.8089, 0.807, 0.8329, 0.8212, 0.8243, 0.8327, 0.8059, 0.8302, 0.8197, 0.8163, 0.8209, 0.8226, 0.7875, 0.8181, 0.826, 0.7441, 0.7849, 0.8047, 0.8129, 0.4063, 0.8219, 0.797, 0.827, 0.8312, 0.8197, 0.8216, 0.8255, 0.7808, 0.8275], [0.6368, 0.7688, 0.7635, 0.7666, 0.7759, 0.7755, 0.7637, 0.7751, 0.7872, 0.7755, 0.77, 0.7679, 0.7433, 0.22, 0.768, 0.7781, 0.7787, 0.7654, 0.7813, 0.7731, 0.769, 0.7507, 0.7707, 0.7691, 0.7631, 0.6899, 0.7753, 0.7667, 0.7649, 0.7611], [0.8077, 0.8133, 0.7855, 0.7933, 0.8138, 0.8014, 0.8037, 0.8135, 0.8011, 0.794, 0.8095, 0.8052, 0.8015, 0.7911, 0.8054, 0.8069, 0.8119, 0.8067, 0.8087, 0.814, 0.8039, 0.7823, 0.8031, 0.7977, 0.7917, 0.8022, 0.7976, 0.8074, 0.7798, 0.8014], [0.8024, 0.8248, 0.7988, 0.8164, 0.8103, 0.8116, 0.8252, 0.792, 0.8176, 0.8274, 0.8339, 0.7936, 0.8133, 0.8184, 0.7927, 0.2599, 0.7919, 0.8196, 0.8249, 0.7977, 0.817, 0.8103, 0.8153, 0.6729, 0.7822, 0.8318, 0.8178, 0.7939, 0.8186, 0.803], [0.8699, 0.8723, 0.8733, 0.8619, 0.8685, 0.8581, 0.8626, 0.8796, 0.8636, 0.866, 0.8627, 0.8634, 0.8592, 0.8664, 0.8612, 0.8686, 0.8744, 0.8719, 0.8531, 0.8672, 0.858, 0.868, 0.8735, 0.8727, 0.8714, 0.8718, 0.8613, 0.8719, 0.8591, 0.8713], [0.8017, 0.8018, 0.7833, 0.8044, 0.7536, 0.7951, 0.6528, 0.7866, 0.8018, 0.8021, 0.7997, 0.7915, 0.8076, 0.7698, 0.7774, 0.7934, 0.7997, 0.7912, 0.8014, 0.8037, 0.7992, 0.7136, 0.7943, 0.8002, 0.7886, 0.7969, 0.7953, 0.7981, 0.804, 0.7944]]

-----------------------------------------------------------------
Task                                            Acc         F1      AUROC  (mean±std)
-----------------------------------------------------------------
Renal and urinary disorders              0.7156±0.0644  0.7572±0.0768  0.8004±0.0756
Pregnancy, puerperium and perinatal conditions 0.6530±0.1383  0.2698±0.0473  0.7438±0.1014
Ear and labyrinth disorders              0.7156±0.0174  0.6915±0.0366  0.8018±0.0090
Cardiac disorders                        0.7124±0.0579  0.7729±0.0538  0.7878±0.1020
Nervous system disorders                 0.7638±0.0836  0.8517±0.0633  0.8668±0.0061
Injury, poisoning and procedural complications 0.6961±0.0497  0.7412±0.0731  0.7868±0.0308

OVERALL AVERAGE                          0.7094              0.6807              0.7979
-----------------------------------------------------------------
