
=================================================================
Variant : GINEConv-only  |  5-shot
Dataset : sider  |  K_shot=5
Tasks   : ['Renal and urinary disorders', 'Pregnancy, puerperium and perinatal conditions', 'Ear and labyrinth disorders', 'Cardiac disorders', 'Nervous system disorders', 'Injury, poisoning and procedural complications']
=================================================================
Results: 	[[0.3881], [0.5068], [0.5684], [0.547], [0.6919], [0.4376]]
Results: 	[[0.3881, 0.6082], [0.5068, 0.4905], [0.5684, 0.5741], [0.547, 0.5549], [0.6919, 0.6896], [0.4376, 0.4412]]
Results: 	[[0.3881, 0.6082, 0.6084], [0.5068, 0.4905, 0.4871], [0.5684, 0.5741, 0.5617], [0.547, 0.5549, 0.4498], [0.6919, 0.6896, 0.681], [0.4376, 0.4412, 0.5426]]
Results: 	[[0.3881, 0.6082, 0.6084, 0.5387], [0.5068, 0.4905, 0.4871, 0.5199], [0.5684, 0.5741, 0.5617, 0.5742], [0.547, 0.5549, 0.4498, 0.4608], [0.6919, 0.6896, 0.681, 0.6846], [0.4376, 0.4412, 0.5426, 0.4379]]
Results: 	[[0.3881, 0.6082, 0.6084, 0.5387, 0.6071], [0.5068, 0.4905, 0.4871, 0.5199, 0.5137], [0.5684, 0.5741, 0.5617, 0.5742, 0.5765], [0.547, 0.5549, 0.4498, 0.4608, 0.463], [0.6919, 0.6896, 0.681, 0.6846, 0.3107], [0.4376, 0.4412, 0.5426, 0.4379, 0.5589]]
Results: 	[[0.3881, 0.6082, 0.6084, 0.5387, 0.6071, 0.6077], [0.5068, 0.4905, 0.4871, 0.5199, 0.5137, 0.5021], [0.5684, 0.5741, 0.5617, 0.5742, 0.5765, 0.5766], [0.547, 0.5549, 0.4498, 0.4608, 0.463, 0.5519], [0.6919, 0.6896, 0.681, 0.6846, 0.3107, 0.6796], [0.4376, 0.4412, 0.5426, 0.4379, 0.5589, 0.5581]]
Results: 	[[0.3881, 0.6082, 0.6084, 0.5387, 0.6071, 0.6077, 0.6091], [0.5068, 0.4905, 0.4871, 0.5199, 0.5137, 0.5021, 0.4944], [0.5684, 0.5741, 0.5617, 0.5742, 0.5765, 0.5766, 0.5685], [0.547, 0.5549, 0.4498, 0.4608, 0.463, 0.5519, 0.442], [0.6919, 0.6896, 0.681, 0.6846, 0.3107, 0.6796, 0.6831], [0.4376, 0.4412, 0.5426, 0.4379, 0.5589, 0.5581, 0.4371]]
Results: 	[[0.3881, 0.6082, 0.6084, 0.5387, 0.6071, 0.6077, 0.6091, 0.6081], [0.5068, 0.4905, 0.4871, 0.5199, 0.5137, 0.5021, 0.4944, 0.4723], [0.5684, 0.5741, 0.5617, 0.5742, 0.5765, 0.5766, 0.5685, 0.5785], [0.547, 0.5549, 0.4498, 0.4608, 0.463, 0.5519, 0.442, 0.4429], [0.6919, 0.6896, 0.681, 0.6846, 0.3107, 0.6796, 0.6831, 0.6829], [0.4376, 0.4412, 0.5426, 0.4379, 0.5589, 0.5581, 0.4371, 0.4395]]
Results: 	[[0.3881, 0.6082, 0.6084, 0.5387, 0.6071, 0.6077, 0.6091, 0.6081, 0.6078], [0.5068, 0.4905, 0.4871, 0.5199, 0.5137, 0.5021, 0.4944, 0.4723, 0.5066], [0.5684, 0.5741, 0.5617, 0.5742, 0.5765, 0.5766, 0.5685, 0.5785, 0.5781], [0.547, 0.5549, 0.4498, 0.4608, 0.463, 0.5519, 0.442, 0.4429, 0.5632], [0.6919, 0.6896, 0.681, 0.6846, 0.3107, 0.6796, 0.6831, 0.6829, 0.6848], [0.4376, 0.4412, 0.5426, 0.4379, 0.5589, 0.5581, 0.4371, 0.4395, 0.5585]]
Results: 	[[0.3881, 0.6082, 0.6084, 0.5387, 0.6071, 0.6077, 0.6091, 0.6081, 0.6078, 0.3892], [0.5068, 0.4905, 0.4871, 0.5199, 0.5137, 0.5021, 0.4944, 0.4723, 0.5066, 0.503], [0.5684, 0.5741, 0.5617, 0.5742, 0.5765, 0.5766, 0.5685, 0.5785, 0.5781, 0.5731], [0.547, 0.5549, 0.4498, 0.4608, 0.463, 0.5519, 0.442, 0.4429, 0.5632, 0.5091], [0.6919, 0.6896, 0.681, 0.6846, 0.3107, 0.6796, 0.6831, 0.6829, 0.6848, 0.6808], [0.4376, 0.4412, 0.5426, 0.4379, 0.5589, 0.5581, 0.4371, 0.4395, 0.5585, 0.5588]]
Results: 	[[0.3881, 0.6082, 0.6084, 0.5387, 0.6071, 0.6077, 0.6091, 0.6081, 0.6078, 0.3892, 0.6073], [0.5068, 0.4905, 0.4871, 0.5199, 0.5137, 0.5021, 0.4944, 0.4723, 0.5066, 0.503, 0.516], [0.5684, 0.5741, 0.5617, 0.5742, 0.5765, 0.5766, 0.5685, 0.5785, 0.5781, 0.5731, 0.572], [0.547, 0.5549, 0.4498, 0.4608, 0.463, 0.5519, 0.442, 0.4429, 0.5632, 0.5091, 0.4706], [0.6919, 0.6896, 0.681, 0.6846, 0.3107, 0.6796, 0.6831, 0.6829, 0.6848, 0.6808, 0.6905], [0.4376, 0.4412, 0.5426, 0.4379, 0.5589, 0.5581, 0.4371, 0.4395, 0.5585, 0.5588, 0.5603]]
Results: 	[[0.3881, 0.6082, 0.6084, 0.5387, 0.6071, 0.6077, 0.6091, 0.6081, 0.6078, 0.3892, 0.6073, 0.5592], [0.5068, 0.4905, 0.4871, 0.5199, 0.5137, 0.5021, 0.4944, 0.4723, 0.5066, 0.503, 0.516, 0.5326], [0.5684, 0.5741, 0.5617, 0.5742, 0.5765, 0.5766, 0.5685, 0.5785, 0.5781, 0.5731, 0.572, 0.575], [0.547, 0.5549, 0.4498, 0.4608, 0.463, 0.5519, 0.442, 0.4429, 0.5632, 0.5091, 0.4706, 0.5518], [0.6919, 0.6896, 0.681, 0.6846, 0.3107, 0.6796, 0.6831, 0.6829, 0.6848, 0.6808, 0.6905, 0.686], [0.4376, 0.4412, 0.5426, 0.4379, 0.5589, 0.5581, 0.4371, 0.4395, 0.5585, 0.5588, 0.5603, 0.4381]]
Results: 	[[0.3881, 0.6082, 0.6084, 0.5387, 0.6071, 0.6077, 0.6091, 0.6081, 0.6078, 0.3892, 0.6073, 0.5592, 0.6065], [0.5068, 0.4905, 0.4871, 0.5199, 0.5137, 0.5021, 0.4944, 0.4723, 0.5066, 0.503, 0.516, 0.5326, 0.5124], [0.5684, 0.5741, 0.5617, 0.5742, 0.5765, 0.5766, 0.5685, 0.5785, 0.5781, 0.5731, 0.572, 0.575, 0.4336], [0.547, 0.5549, 0.4498, 0.4608, 0.463, 0.5519, 0.442, 0.4429, 0.5632, 0.5091, 0.4706, 0.5518, 0.5568], [0.6919, 0.6896, 0.681, 0.6846, 0.3107, 0.6796, 0.6831, 0.6829, 0.6848, 0.6808, 0.6905, 0.686, 0.6791], [0.4376, 0.4412, 0.5426, 0.4379, 0.5589, 0.5581, 0.4371, 0.4395, 0.5585, 0.5588, 0.5603, 0.4381, 0.4389]]
Results: 	[[0.3881, 0.6082, 0.6084, 0.5387, 0.6071, 0.6077, 0.6091, 0.6081, 0.6078, 0.3892, 0.6073, 0.5592, 0.6065, 0.5467], [0.5068, 0.4905, 0.4871, 0.5199, 0.5137, 0.5021, 0.4944, 0.4723, 0.5066, 0.503, 0.516, 0.5326, 0.5124, 0.4992], [0.5684, 0.5741, 0.5617, 0.5742, 0.5765, 0.5766, 0.5685, 0.5785, 0.5781, 0.5731, 0.572, 0.575, 0.4336, 0.5688], [0.547, 0.5549, 0.4498, 0.4608, 0.463, 0.5519, 0.442, 0.4429, 0.5632, 0.5091, 0.4706, 0.5518, 0.5568, 0.5588], [0.6919, 0.6896, 0.681, 0.6846, 0.3107, 0.6796, 0.6831, 0.6829, 0.6848, 0.6808, 0.6905, 0.686, 0.6791, 0.6795], [0.4376, 0.4412, 0.5426, 0.4379, 0.5589, 0.5581, 0.4371, 0.4395, 0.5585, 0.5588, 0.5603, 0.4381, 0.4389, 0.5569]]
Results: 	[[0.3881, 0.6082, 0.6084, 0.5387, 0.6071, 0.6077, 0.6091, 0.6081, 0.6078, 0.3892, 0.6073, 0.5592, 0.6065, 0.5467, 0.3911], [0.5068, 0.4905, 0.4871, 0.5199, 0.5137, 0.5021, 0.4944, 0.4723, 0.5066, 0.503, 0.516, 0.5326, 0.5124, 0.4992, 0.5115], [0.5684, 0.5741, 0.5617, 0.5742, 0.5765, 0.5766, 0.5685, 0.5785, 0.5781, 0.5731, 0.572, 0.575, 0.4336, 0.5688, 0.5793], [0.547, 0.5549, 0.4498, 0.4608, 0.463, 0.5519, 0.442, 0.4429, 0.5632, 0.5091, 0.4706, 0.5518, 0.5568, 0.5588, 0.5592], [0.6919, 0.6896, 0.681, 0.6846, 0.3107, 0.6796, 0.6831, 0.6829, 0.6848, 0.6808, 0.6905, 0.686, 0.6791, 0.6795, 0.6776], [0.4376, 0.4412, 0.5426, 0.4379, 0.5589, 0.5581, 0.4371, 0.4395, 0.5585, 0.5588, 0.5603, 0.4381, 0.4389, 0.5569, 0.5582]]
Results: 	[[0.3881, 0.6082, 0.6084, 0.5387, 0.6071, 0.6077, 0.6091, 0.6081, 0.6078, 0.3892, 0.6073, 0.5592, 0.6065, 0.5467, 0.3911, 0.3956], [0.5068, 0.4905, 0.4871, 0.5199, 0.5137, 0.5021, 0.4944, 0.4723, 0.5066, 0.503, 0.516, 0.5326, 0.5124, 0.4992, 0.5115, 0.4999], [0.5684, 0.5741, 0.5617, 0.5742, 0.5765, 0.5766, 0.5685, 0.5785, 0.5781, 0.5731, 0.572, 0.575, 0.4336, 0.5688, 0.5793, 0.465], [0.547, 0.5549, 0.4498, 0.4608, 0.463, 0.5519, 0.442, 0.4429, 0.5632, 0.5091, 0.4706, 0.5518, 0.5568, 0.5588, 0.5592, 0.5376], [0.6919, 0.6896, 0.681, 0.6846, 0.3107, 0.6796, 0.6831, 0.6829, 0.6848, 0.6808, 0.6905, 0.686, 0.6791, 0.6795, 0.6776, 0.6826], [0.4376, 0.4412, 0.5426, 0.4379, 0.5589, 0.5581, 0.4371, 0.4395, 0.5585, 0.5588, 0.5603, 0.4381, 0.4389, 0.5569, 0.5582, 0.5601]]
Results: 	[[0.3881, 0.6082, 0.6084, 0.5387, 0.6071, 0.6077, 0.6091, 0.6081, 0.6078, 0.3892, 0.6073, 0.5592, 0.6065, 0.5467, 0.3911, 0.3956, 0.6085], [0.5068, 0.4905, 0.4871, 0.5199, 0.5137, 0.5021, 0.4944, 0.4723, 0.5066, 0.503, 0.516, 0.5326, 0.5124, 0.4992, 0.5115, 0.4999, 0.5136], [0.5684, 0.5741, 0.5617, 0.5742, 0.5765, 0.5766, 0.5685, 0.5785, 0.5781, 0.5731, 0.572, 0.575, 0.4336, 0.5688, 0.5793, 0.465, 0.5769], [0.547, 0.5549, 0.4498, 0.4608, 0.463, 0.5519, 0.442, 0.4429, 0.5632, 0.5091, 0.4706, 0.5518, 0.5568, 0.5588, 0.5592, 0.5376, 0.405], [0.6919, 0.6896, 0.681, 0.6846, 0.3107, 0.6796, 0.6831, 0.6829, 0.6848, 0.6808, 0.6905, 0.686, 0.6791, 0.6795, 0.6776, 0.6826, 0.6954], [0.4376, 0.4412, 0.5426, 0.4379, 0.5589, 0.5581, 0.4371, 0.4395, 0.5585, 0.5588, 0.5603, 0.4381, 0.4389, 0.5569, 0.5582, 0.5601, 0.439]]
Results: 	[[0.3881, 0.6082, 0.6084, 0.5387, 0.6071, 0.6077, 0.6091, 0.6081, 0.6078, 0.3892, 0.6073, 0.5592, 0.6065, 0.5467, 0.3911, 0.3956, 0.6085, 0.6077], [0.5068, 0.4905, 0.4871, 0.5199, 0.5137, 0.5021, 0.4944, 0.4723, 0.5066, 0.503, 0.516, 0.5326, 0.5124, 0.4992, 0.5115, 0.4999, 0.5136, 0.5092], [0.5684, 0.5741, 0.5617, 0.5742, 0.5765, 0.5766, 0.5685, 0.5785, 0.5781, 0.5731, 0.572, 0.575, 0.4336, 0.5688, 0.5793, 0.465, 0.5769, 0.5024], [0.547, 0.5549, 0.4498, 0.4608, 0.463, 0.5519, 0.442, 0.4429, 0.5632, 0.5091, 0.4706, 0.5518, 0.5568, 0.5588, 0.5592, 0.5376, 0.405, 0.5562], [0.6919, 0.6896, 0.681, 0.6846, 0.3107, 0.6796, 0.6831, 0.6829, 0.6848, 0.6808, 0.6905, 0.686, 0.6791, 0.6795, 0.6776, 0.6826, 0.6954, 0.6909], [0.4376, 0.4412, 0.5426, 0.4379, 0.5589, 0.5581, 0.4371, 0.4395, 0.5585, 0.5588, 0.5603, 0.4381, 0.4389, 0.5569, 0.5582, 0.5601, 0.439, 0.4484]]
Results: 	[[0.3881, 0.6082, 0.6084, 0.5387, 0.6071, 0.6077, 0.6091, 0.6081, 0.6078, 0.3892, 0.6073, 0.5592, 0.6065, 0.5467, 0.3911, 0.3956, 0.6085, 0.6077, 0.388], [0.5068, 0.4905, 0.4871, 0.5199, 0.5137, 0.5021, 0.4944, 0.4723, 0.5066, 0.503, 0.516, 0.5326, 0.5124, 0.4992, 0.5115, 0.4999, 0.5136, 0.5092, 0.5145], [0.5684, 0.5741, 0.5617, 0.5742, 0.5765, 0.5766, 0.5685, 0.5785, 0.5781, 0.5731, 0.572, 0.575, 0.4336, 0.5688, 0.5793, 0.465, 0.5769, 0.5024, 0.4257], [0.547, 0.5549, 0.4498, 0.4608, 0.463, 0.5519, 0.442, 0.4429, 0.5632, 0.5091, 0.4706, 0.5518, 0.5568, 0.5588, 0.5592, 0.5376, 0.405, 0.5562, 0.4929], [0.6919, 0.6896, 0.681, 0.6846, 0.3107, 0.6796, 0.6831, 0.6829, 0.6848, 0.6808, 0.6905, 0.686, 0.6791, 0.6795, 0.6776, 0.6826, 0.6954, 0.6909, 0.685], [0.4376, 0.4412, 0.5426, 0.4379, 0.5589, 0.5581, 0.4371, 0.4395, 0.5585, 0.5588, 0.5603, 0.4381, 0.4389, 0.5569, 0.5582, 0.5601, 0.439, 0.4484, 0.5547]]
Results: 	[[0.3881, 0.6082, 0.6084, 0.5387, 0.6071, 0.6077, 0.6091, 0.6081, 0.6078, 0.3892, 0.6073, 0.5592, 0.6065, 0.5467, 0.3911, 0.3956, 0.6085, 0.6077, 0.388, 0.4477], [0.5068, 0.4905, 0.4871, 0.5199, 0.5137, 0.5021, 0.4944, 0.4723, 0.5066, 0.503, 0.516, 0.5326, 0.5124, 0.4992, 0.5115, 0.4999, 0.5136, 0.5092, 0.5145, 0.5613], [0.5684, 0.5741, 0.5617, 0.5742, 0.5765, 0.5766, 0.5685, 0.5785, 0.5781, 0.5731, 0.572, 0.575, 0.4336, 0.5688, 0.5793, 0.465, 0.5769, 0.5024, 0.4257, 0.5761], [0.547, 0.5549, 0.4498, 0.4608, 0.463, 0.5519, 0.442, 0.4429, 0.5632, 0.5091, 0.4706, 0.5518, 0.5568, 0.5588, 0.5592, 0.5376, 0.405, 0.5562, 0.4929, 0.5368], [0.6919, 0.6896, 0.681, 0.6846, 0.3107, 0.6796, 0.6831, 0.6829, 0.6848, 0.6808, 0.6905, 0.686, 0.6791, 0.6795, 0.6776, 0.6826, 0.6954, 0.6909, 0.685, 0.6869], [0.4376, 0.4412, 0.5426, 0.4379, 0.5589, 0.5581, 0.4371, 0.4395, 0.5585, 0.5588, 0.5603, 0.4381, 0.4389, 0.5569, 0.5582, 0.5601, 0.439, 0.4484, 0.5547, 0.5544]]
Results: 	[[0.3881, 0.6082, 0.6084, 0.5387, 0.6071, 0.6077, 0.6091, 0.6081, 0.6078, 0.3892, 0.6073, 0.5592, 0.6065, 0.5467, 0.3911, 0.3956, 0.6085, 0.6077, 0.388, 0.4477, 0.6079], [0.5068, 0.4905, 0.4871, 0.5199, 0.5137, 0.5021, 0.4944, 0.4723, 0.5066, 0.503, 0.516, 0.5326, 0.5124, 0.4992, 0.5115, 0.4999, 0.5136, 0.5092, 0.5145, 0.5613, 0.514], [0.5684, 0.5741, 0.5617, 0.5742, 0.5765, 0.5766, 0.5685, 0.5785, 0.5781, 0.5731, 0.572, 0.575, 0.4336, 0.5688, 0.5793, 0.465, 0.5769, 0.5024, 0.4257, 0.5761, 0.5724], [0.547, 0.5549, 0.4498, 0.4608, 0.463, 0.5519, 0.442, 0.4429, 0.5632, 0.5091, 0.4706, 0.5518, 0.5568, 0.5588, 0.5592, 0.5376, 0.405, 0.5562, 0.4929, 0.5368, 0.5903], [0.6919, 0.6896, 0.681, 0.6846, 0.3107, 0.6796, 0.6831, 0.6829, 0.6848, 0.6808, 0.6905, 0.686, 0.6791, 0.6795, 0.6776, 0.6826, 0.6954, 0.6909, 0.685, 0.6869, 0.6954], [0.4376, 0.4412, 0.5426, 0.4379, 0.5589, 0.5581, 0.4371, 0.4395, 0.5585, 0.5588, 0.5603, 0.4381, 0.4389, 0.5569, 0.5582, 0.5601, 0.439, 0.4484, 0.5547, 0.5544, 0.5596]]
Results: 	[[0.3881, 0.6082, 0.6084, 0.5387, 0.6071, 0.6077, 0.6091, 0.6081, 0.6078, 0.3892, 0.6073, 0.5592, 0.6065, 0.5467, 0.3911, 0.3956, 0.6085, 0.6077, 0.388, 0.4477, 0.6079, 0.6101], [0.5068, 0.4905, 0.4871, 0.5199, 0.5137, 0.5021, 0.4944, 0.4723, 0.5066, 0.503, 0.516, 0.5326, 0.5124, 0.4992, 0.5115, 0.4999, 0.5136, 0.5092, 0.5145, 0.5613, 0.514, 0.5158], [0.5684, 0.5741, 0.5617, 0.5742, 0.5765, 0.5766, 0.5685, 0.5785, 0.5781, 0.5731, 0.572, 0.575, 0.4336, 0.5688, 0.5793, 0.465, 0.5769, 0.5024, 0.4257, 0.5761, 0.5724, 0.5769], [0.547, 0.5549, 0.4498, 0.4608, 0.463, 0.5519, 0.442, 0.4429, 0.5632, 0.5091, 0.4706, 0.5518, 0.5568, 0.5588, 0.5592, 0.5376, 0.405, 0.5562, 0.4929, 0.5368, 0.5903, 0.5755], [0.6919, 0.6896, 0.681, 0.6846, 0.3107, 0.6796, 0.6831, 0.6829, 0.6848, 0.6808, 0.6905, 0.686, 0.6791, 0.6795, 0.6776, 0.6826, 0.6954, 0.6909, 0.685, 0.6869, 0.6954, 0.6891], [0.4376, 0.4412, 0.5426, 0.4379, 0.5589, 0.5581, 0.4371, 0.4395, 0.5585, 0.5588, 0.5603, 0.4381, 0.4389, 0.5569, 0.5582, 0.5601, 0.439, 0.4484, 0.5547, 0.5544, 0.5596, 0.4386]]
Results: 	[[0.3881, 0.6082, 0.6084, 0.5387, 0.6071, 0.6077, 0.6091, 0.6081, 0.6078, 0.3892, 0.6073, 0.5592, 0.6065, 0.5467, 0.3911, 0.3956, 0.6085, 0.6077, 0.388, 0.4477, 0.6079, 0.6101, 0.6101], [0.5068, 0.4905, 0.4871, 0.5199, 0.5137, 0.5021, 0.4944, 0.4723, 0.5066, 0.503, 0.516, 0.5326, 0.5124, 0.4992, 0.5115, 0.4999, 0.5136, 0.5092, 0.5145, 0.5613, 0.514, 0.5158, 0.5131], [0.5684, 0.5741, 0.5617, 0.5742, 0.5765, 0.5766, 0.5685, 0.5785, 0.5781, 0.5731, 0.572, 0.575, 0.4336, 0.5688, 0.5793, 0.465, 0.5769, 0.5024, 0.4257, 0.5761, 0.5724, 0.5769, 0.5437], [0.547, 0.5549, 0.4498, 0.4608, 0.463, 0.5519, 0.442, 0.4429, 0.5632, 0.5091, 0.4706, 0.5518, 0.5568, 0.5588, 0.5592, 0.5376, 0.405, 0.5562, 0.4929, 0.5368, 0.5903, 0.5755, 0.4325], [0.6919, 0.6896, 0.681, 0.6846, 0.3107, 0.6796, 0.6831, 0.6829, 0.6848, 0.6808, 0.6905, 0.686, 0.6791, 0.6795, 0.6776, 0.6826, 0.6954, 0.6909, 0.685, 0.6869, 0.6954, 0.6891, 0.6826], [0.4376, 0.4412, 0.5426, 0.4379, 0.5589, 0.5581, 0.4371, 0.4395, 0.5585, 0.5588, 0.5603, 0.4381, 0.4389, 0.5569, 0.5582, 0.5601, 0.439, 0.4484, 0.5547, 0.5544, 0.5596, 0.4386, 0.56]]
Results: 	[[0.3881, 0.6082, 0.6084, 0.5387, 0.6071, 0.6077, 0.6091, 0.6081, 0.6078, 0.3892, 0.6073, 0.5592, 0.6065, 0.5467, 0.3911, 0.3956, 0.6085, 0.6077, 0.388, 0.4477, 0.6079, 0.6101, 0.6101, 0.3895], [0.5068, 0.4905, 0.4871, 0.5199, 0.5137, 0.5021, 0.4944, 0.4723, 0.5066, 0.503, 0.516, 0.5326, 0.5124, 0.4992, 0.5115, 0.4999, 0.5136, 0.5092, 0.5145, 0.5613, 0.514, 0.5158, 0.5131, 0.4862], [0.5684, 0.5741, 0.5617, 0.5742, 0.5765, 0.5766, 0.5685, 0.5785, 0.5781, 0.5731, 0.572, 0.575, 0.4336, 0.5688, 0.5793, 0.465, 0.5769, 0.5024, 0.4257, 0.5761, 0.5724, 0.5769, 0.5437, 0.5693], [0.547, 0.5549, 0.4498, 0.4608, 0.463, 0.5519, 0.442, 0.4429, 0.5632, 0.5091, 0.4706, 0.5518, 0.5568, 0.5588, 0.5592, 0.5376, 0.405, 0.5562, 0.4929, 0.5368, 0.5903, 0.5755, 0.4325, 0.5659], [0.6919, 0.6896, 0.681, 0.6846, 0.3107, 0.6796, 0.6831, 0.6829, 0.6848, 0.6808, 0.6905, 0.686, 0.6791, 0.6795, 0.6776, 0.6826, 0.6954, 0.6909, 0.685, 0.6869, 0.6954, 0.6891, 0.6826, 0.2998], [0.4376, 0.4412, 0.5426, 0.4379, 0.5589, 0.5581, 0.4371, 0.4395, 0.5585, 0.5588, 0.5603, 0.4381, 0.4389, 0.5569, 0.5582, 0.5601, 0.439, 0.4484, 0.5547, 0.5544, 0.5596, 0.4386, 0.56, 0.437]]
Results: 	[[0.3881, 0.6082, 0.6084, 0.5387, 0.6071, 0.6077, 0.6091, 0.6081, 0.6078, 0.3892, 0.6073, 0.5592, 0.6065, 0.5467, 0.3911, 0.3956, 0.6085, 0.6077, 0.388, 0.4477, 0.6079, 0.6101, 0.6101, 0.3895, 0.607], [0.5068, 0.4905, 0.4871, 0.5199, 0.5137, 0.5021, 0.4944, 0.4723, 0.5066, 0.503, 0.516, 0.5326, 0.5124, 0.4992, 0.5115, 0.4999, 0.5136, 0.5092, 0.5145, 0.5613, 0.514, 0.5158, 0.5131, 0.4862, 0.4906], [0.5684, 0.5741, 0.5617, 0.5742, 0.5765, 0.5766, 0.5685, 0.5785, 0.5781, 0.5731, 0.572, 0.575, 0.4336, 0.5688, 0.5793, 0.465, 0.5769, 0.5024, 0.4257, 0.5761, 0.5724, 0.5769, 0.5437, 0.5693, 0.4293], [0.547, 0.5549, 0.4498, 0.4608, 0.463, 0.5519, 0.442, 0.4429, 0.5632, 0.5091, 0.4706, 0.5518, 0.5568, 0.5588, 0.5592, 0.5376, 0.405, 0.5562, 0.4929, 0.5368, 0.5903, 0.5755, 0.4325, 0.5659, 0.5496], [0.6919, 0.6896, 0.681, 0.6846, 0.3107, 0.6796, 0.6831, 0.6829, 0.6848, 0.6808, 0.6905, 0.686, 0.6791, 0.6795, 0.6776, 0.6826, 0.6954, 0.6909, 0.685, 0.6869, 0.6954, 0.6891, 0.6826, 0.2998, 0.6872], [0.4376, 0.4412, 0.5426, 0.4379, 0.5589, 0.5581, 0.4371, 0.4395, 0.5585, 0.5588, 0.5603, 0.4381, 0.4389, 0.5569, 0.5582, 0.5601, 0.439, 0.4484, 0.5547, 0.5544, 0.5596, 0.4386, 0.56, 0.437, 0.5583]]
Results: 	[[0.3881, 0.6082, 0.6084, 0.5387, 0.6071, 0.6077, 0.6091, 0.6081, 0.6078, 0.3892, 0.6073, 0.5592, 0.6065, 0.5467, 0.3911, 0.3956, 0.6085, 0.6077, 0.388, 0.4477, 0.6079, 0.6101, 0.6101, 0.3895, 0.607, 0.608], [0.5068, 0.4905, 0.4871, 0.5199, 0.5137, 0.5021, 0.4944, 0.4723, 0.5066, 0.503, 0.516, 0.5326, 0.5124, 0.4992, 0.5115, 0.4999, 0.5136, 0.5092, 0.5145, 0.5613, 0.514, 0.5158, 0.5131, 0.4862, 0.4906, 0.4763], [0.5684, 0.5741, 0.5617, 0.5742, 0.5765, 0.5766, 0.5685, 0.5785, 0.5781, 0.5731, 0.572, 0.575, 0.4336, 0.5688, 0.5793, 0.465, 0.5769, 0.5024, 0.4257, 0.5761, 0.5724, 0.5769, 0.5437, 0.5693, 0.4293, 0.5716], [0.547, 0.5549, 0.4498, 0.4608, 0.463, 0.5519, 0.442, 0.4429, 0.5632, 0.5091, 0.4706, 0.5518, 0.5568, 0.5588, 0.5592, 0.5376, 0.405, 0.5562, 0.4929, 0.5368, 0.5903, 0.5755, 0.4325, 0.5659, 0.5496, 0.5472], [0.6919, 0.6896, 0.681, 0.6846, 0.3107, 0.6796, 0.6831, 0.6829, 0.6848, 0.6808, 0.6905, 0.686, 0.6791, 0.6795, 0.6776, 0.6826, 0.6954, 0.6909, 0.685, 0.6869, 0.6954, 0.6891, 0.6826, 0.2998, 0.6872, 0.6901], [0.4376, 0.4412, 0.5426, 0.4379, 0.5589, 0.5581, 0.4371, 0.4395, 0.5585, 0.5588, 0.5603, 0.4381, 0.4389, 0.5569, 0.5582, 0.5601, 0.439, 0.4484, 0.5547, 0.5544, 0.5596, 0.4386, 0.56, 0.437, 0.5583, 0.5574]]
Results: 	[[0.3881, 0.6082, 0.6084, 0.5387, 0.6071, 0.6077, 0.6091, 0.6081, 0.6078, 0.3892, 0.6073, 0.5592, 0.6065, 0.5467, 0.3911, 0.3956, 0.6085, 0.6077, 0.388, 0.4477, 0.6079, 0.6101, 0.6101, 0.3895, 0.607, 0.608, 0.3936], [0.5068, 0.4905, 0.4871, 0.5199, 0.5137, 0.5021, 0.4944, 0.4723, 0.5066, 0.503, 0.516, 0.5326, 0.5124, 0.4992, 0.5115, 0.4999, 0.5136, 0.5092, 0.5145, 0.5613, 0.514, 0.5158, 0.5131, 0.4862, 0.4906, 0.4763, 0.4732], [0.5684, 0.5741, 0.5617, 0.5742, 0.5765, 0.5766, 0.5685, 0.5785, 0.5781, 0.5731, 0.572, 0.575, 0.4336, 0.5688, 0.5793, 0.465, 0.5769, 0.5024, 0.4257, 0.5761, 0.5724, 0.5769, 0.5437, 0.5693, 0.4293, 0.5716, 0.4201], [0.547, 0.5549, 0.4498, 0.4608, 0.463, 0.5519, 0.442, 0.4429, 0.5632, 0.5091, 0.4706, 0.5518, 0.5568, 0.5588, 0.5592, 0.5376, 0.405, 0.5562, 0.4929, 0.5368, 0.5903, 0.5755, 0.4325, 0.5659, 0.5496, 0.5472, 0.4053], [0.6919, 0.6896, 0.681, 0.6846, 0.3107, 0.6796, 0.6831, 0.6829, 0.6848, 0.6808, 0.6905, 0.686, 0.6791, 0.6795, 0.6776, 0.6826, 0.6954, 0.6909, 0.685, 0.6869, 0.6954, 0.6891, 0.6826, 0.2998, 0.6872, 0.6901, 0.6799], [0.4376, 0.4412, 0.5426, 0.4379, 0.5589, 0.5581, 0.4371, 0.4395, 0.5585, 0.5588, 0.5603, 0.4381, 0.4389, 0.5569, 0.5582, 0.5601, 0.439, 0.4484, 0.5547, 0.5544, 0.5596, 0.4386, 0.56, 0.437, 0.5583, 0.5574, 0.5576]]
Results: 	[[0.3881, 0.6082, 0.6084, 0.5387, 0.6071, 0.6077, 0.6091, 0.6081, 0.6078, 0.3892, 0.6073, 0.5592, 0.6065, 0.5467, 0.3911, 0.3956, 0.6085, 0.6077, 0.388, 0.4477, 0.6079, 0.6101, 0.6101, 0.3895, 0.607, 0.608, 0.3936, 0.6105], [0.5068, 0.4905, 0.4871, 0.5199, 0.5137, 0.5021, 0.4944, 0.4723, 0.5066, 0.503, 0.516, 0.5326, 0.5124, 0.4992, 0.5115, 0.4999, 0.5136, 0.5092, 0.5145, 0.5613, 0.514, 0.5158, 0.5131, 0.4862, 0.4906, 0.4763, 0.4732, 0.4825], [0.5684, 0.5741, 0.5617, 0.5742, 0.5765, 0.5766, 0.5685, 0.5785, 0.5781, 0.5731, 0.572, 0.575, 0.4336, 0.5688, 0.5793, 0.465, 0.5769, 0.5024, 0.4257, 0.5761, 0.5724, 0.5769, 0.5437, 0.5693, 0.4293, 0.5716, 0.4201, 0.5688], [0.547, 0.5549, 0.4498, 0.4608, 0.463, 0.5519, 0.442, 0.4429, 0.5632, 0.5091, 0.4706, 0.5518, 0.5568, 0.5588, 0.5592, 0.5376, 0.405, 0.5562, 0.4929, 0.5368, 0.5903, 0.5755, 0.4325, 0.5659, 0.5496, 0.5472, 0.4053, 0.5531], [0.6919, 0.6896, 0.681, 0.6846, 0.3107, 0.6796, 0.6831, 0.6829, 0.6848, 0.6808, 0.6905, 0.686, 0.6791, 0.6795, 0.6776, 0.6826, 0.6954, 0.6909, 0.685, 0.6869, 0.6954, 0.6891, 0.6826, 0.2998, 0.6872, 0.6901, 0.6799, 0.6861], [0.4376, 0.4412, 0.5426, 0.4379, 0.5589, 0.5581, 0.4371, 0.4395, 0.5585, 0.5588, 0.5603, 0.4381, 0.4389, 0.5569, 0.5582, 0.5601, 0.439, 0.4484, 0.5547, 0.5544, 0.5596, 0.4386, 0.56, 0.437, 0.5583, 0.5574, 0.5576, 0.5573]]
Results: 	[[0.3881, 0.6082, 0.6084, 0.5387, 0.6071, 0.6077, 0.6091, 0.6081, 0.6078, 0.3892, 0.6073, 0.5592, 0.6065, 0.5467, 0.3911, 0.3956, 0.6085, 0.6077, 0.388, 0.4477, 0.6079, 0.6101, 0.6101, 0.3895, 0.607, 0.608, 0.3936, 0.6105, 0.607], [0.5068, 0.4905, 0.4871, 0.5199, 0.5137, 0.5021, 0.4944, 0.4723, 0.5066, 0.503, 0.516, 0.5326, 0.5124, 0.4992, 0.5115, 0.4999, 0.5136, 0.5092, 0.5145, 0.5613, 0.514, 0.5158, 0.5131, 0.4862, 0.4906, 0.4763, 0.4732, 0.4825, 0.4844], [0.5684, 0.5741, 0.5617, 0.5742, 0.5765, 0.5766, 0.5685, 0.5785, 0.5781, 0.5731, 0.572, 0.575, 0.4336, 0.5688, 0.5793, 0.465, 0.5769, 0.5024, 0.4257, 0.5761, 0.5724, 0.5769, 0.5437, 0.5693, 0.4293, 0.5716, 0.4201, 0.5688, 0.4189], [0.547, 0.5549, 0.4498, 0.4608, 0.463, 0.5519, 0.442, 0.4429, 0.5632, 0.5091, 0.4706, 0.5518, 0.5568, 0.5588, 0.5592, 0.5376, 0.405, 0.5562, 0.4929, 0.5368, 0.5903, 0.5755, 0.4325, 0.5659, 0.5496, 0.5472, 0.4053, 0.5531, 0.5616], [0.6919, 0.6896, 0.681, 0.6846, 0.3107, 0.6796, 0.6831, 0.6829, 0.6848, 0.6808, 0.6905, 0.686, 0.6791, 0.6795, 0.6776, 0.6826, 0.6954, 0.6909, 0.685, 0.6869, 0.6954, 0.6891, 0.6826, 0.2998, 0.6872, 0.6901, 0.6799, 0.6861, 0.6897], [0.4376, 0.4412, 0.5426, 0.4379, 0.5589, 0.5581, 0.4371, 0.4395, 0.5585, 0.5588, 0.5603, 0.4381, 0.4389, 0.5569, 0.5582, 0.5601, 0.439, 0.4484, 0.5547, 0.5544, 0.5596, 0.4386, 0.56, 0.437, 0.5583, 0.5574, 0.5576, 0.5573, 0.4537]]
Results: 	[[0.3881, 0.6082, 0.6084, 0.5387, 0.6071, 0.6077, 0.6091, 0.6081, 0.6078, 0.3892, 0.6073, 0.5592, 0.6065, 0.5467, 0.3911, 0.3956, 0.6085, 0.6077, 0.388, 0.4477, 0.6079, 0.6101, 0.6101, 0.3895, 0.607, 0.608, 0.3936, 0.6105, 0.607, 0.6069], [0.5068, 0.4905, 0.4871, 0.5199, 0.5137, 0.5021, 0.4944, 0.4723, 0.5066, 0.503, 0.516, 0.5326, 0.5124, 0.4992, 0.5115, 0.4999, 0.5136, 0.5092, 0.5145, 0.5613, 0.514, 0.5158, 0.5131, 0.4862, 0.4906, 0.4763, 0.4732, 0.4825, 0.4844, 0.5031], [0.5684, 0.5741, 0.5617, 0.5742, 0.5765, 0.5766, 0.5685, 0.5785, 0.5781, 0.5731, 0.572, 0.575, 0.4336, 0.5688, 0.5793, 0.465, 0.5769, 0.5024, 0.4257, 0.5761, 0.5724, 0.5769, 0.5437, 0.5693, 0.4293, 0.5716, 0.4201, 0.5688, 0.4189, 0.4244], [0.547, 0.5549, 0.4498, 0.4608, 0.463, 0.5519, 0.442, 0.4429, 0.5632, 0.5091, 0.4706, 0.5518, 0.5568, 0.5588, 0.5592, 0.5376, 0.405, 0.5562, 0.4929, 0.5368, 0.5903, 0.5755, 0.4325, 0.5659, 0.5496, 0.5472, 0.4053, 0.5531, 0.5616, 0.5571], [0.6919, 0.6896, 0.681, 0.6846, 0.3107, 0.6796, 0.6831, 0.6829, 0.6848, 0.6808, 0.6905, 0.686, 0.6791, 0.6795, 0.6776, 0.6826, 0.6954, 0.6909, 0.685, 0.6869, 0.6954, 0.6891, 0.6826, 0.2998, 0.6872, 0.6901, 0.6799, 0.6861, 0.6897, 0.6759], [0.4376, 0.4412, 0.5426, 0.4379, 0.5589, 0.5581, 0.4371, 0.4395, 0.5585, 0.5588, 0.5603, 0.4381, 0.4389, 0.5569, 0.5582, 0.5601, 0.439, 0.4484, 0.5547, 0.5544, 0.5596, 0.4386, 0.56, 0.437, 0.5583, 0.5574, 0.5576, 0.5573, 0.4537, 0.4467]]

-----------------------------------------------------------------
Task                                            Acc         F1      AUROC  (mean±std)
-----------------------------------------------------------------
Renal and urinary disorders              0.5531±0.0928  0.6181±0.1450  0.5460±0.0917
Pregnancy, puerperium and perinatal conditions 0.4550±0.1145  0.1476±0.0187  0.5035±0.0182
Ear and labyrinth disorders              0.5223±0.0389  0.5001±0.0837  0.5367±0.0604
Cardiac disorders                        0.5217±0.0834  0.5918±0.1409  0.5183±0.0545
Nervous system disorders                 0.6923±0.1476  0.7946±0.1405  0.6599±0.0949
Injury, poisoning and procedural complications 0.5068±0.0664  0.5679±0.1162  0.5068±0.0577

OVERALL AVERAGE                          0.5419              0.5367              0.5452
-----------------------------------------------------------------

=================================================================
Variant : GINEConv-only  |  5-shot
Dataset : sider  |  K_shot=5
Tasks   : ['Renal and urinary disorders', 'Pregnancy, puerperium and perinatal conditions', 'Ear and labyrinth disorders', 'Cardiac disorders', 'Nervous system disorders', 'Injury, poisoning and procedural complications']
=================================================================
Results: 	[[0.6073], [0.5151], [0.564], [0.5621], [0.6782], [0.5595]]
Results: 	[[0.6073, 0.6087], [0.5151, 0.4687], [0.564, 0.5637], [0.5621, 0.5612], [0.6782, 0.6795], [0.5595, 0.4392]]
Results: 	[[0.6073, 0.6087, 0.5617], [0.5151, 0.4687, 0.5437], [0.564, 0.5637, 0.4246], [0.5621, 0.5612, 0.5492], [0.6782, 0.6795, 0.6881], [0.5595, 0.4392, 0.442]]
Results: 	[[0.6073, 0.6087, 0.5617, 0.3936], [0.5151, 0.4687, 0.5437, 0.5016], [0.564, 0.5637, 0.4246, 0.5768], [0.5621, 0.5612, 0.5492, 0.5483], [0.6782, 0.6795, 0.6881, 0.6844], [0.5595, 0.4392, 0.442, 0.5566]]
Results: 	[[0.6073, 0.6087, 0.5617, 0.3936, 0.6028], [0.5151, 0.4687, 0.5437, 0.5016, 0.493], [0.564, 0.5637, 0.4246, 0.5768, 0.527], [0.5621, 0.5612, 0.5492, 0.5483, 0.5735], [0.6782, 0.6795, 0.6881, 0.6844, 0.3054], [0.5595, 0.4392, 0.442, 0.5566, 0.5554]]
Results: 	[[0.6073, 0.6087, 0.5617, 0.3936, 0.6028, 0.6088], [0.5151, 0.4687, 0.5437, 0.5016, 0.493, 0.4825], [0.564, 0.5637, 0.4246, 0.5768, 0.527, 0.4223], [0.5621, 0.5612, 0.5492, 0.5483, 0.5735, 0.5519], [0.6782, 0.6795, 0.6881, 0.6844, 0.3054, 0.6905], [0.5595, 0.4392, 0.442, 0.5566, 0.5554, 0.4645]]
Results: 	[[0.6073, 0.6087, 0.5617, 0.3936, 0.6028, 0.6088, 0.6076], [0.5151, 0.4687, 0.5437, 0.5016, 0.493, 0.4825, 0.4712], [0.564, 0.5637, 0.4246, 0.5768, 0.527, 0.4223, 0.5716], [0.5621, 0.5612, 0.5492, 0.5483, 0.5735, 0.5519, 0.5644], [0.6782, 0.6795, 0.6881, 0.6844, 0.3054, 0.6905, 0.6881], [0.5595, 0.4392, 0.442, 0.5566, 0.5554, 0.4645, 0.44]]
Results: 	[[0.6073, 0.6087, 0.5617, 0.3936, 0.6028, 0.6088, 0.6076, 0.6091], [0.5151, 0.4687, 0.5437, 0.5016, 0.493, 0.4825, 0.4712, 0.5015], [0.564, 0.5637, 0.4246, 0.5768, 0.527, 0.4223, 0.5716, 0.5744], [0.5621, 0.5612, 0.5492, 0.5483, 0.5735, 0.5519, 0.5644, 0.5504], [0.6782, 0.6795, 0.6881, 0.6844, 0.3054, 0.6905, 0.6881, 0.6825], [0.5595, 0.4392, 0.442, 0.5566, 0.5554, 0.4645, 0.44, 0.4852]]
Results: 	[[0.6073, 0.6087, 0.5617, 0.3936, 0.6028, 0.6088, 0.6076, 0.6091, 0.607], [0.5151, 0.4687, 0.5437, 0.5016, 0.493, 0.4825, 0.4712, 0.5015, 0.5283], [0.564, 0.5637, 0.4246, 0.5768, 0.527, 0.4223, 0.5716, 0.5744, 0.5159], [0.5621, 0.5612, 0.5492, 0.5483, 0.5735, 0.5519, 0.5644, 0.5504, 0.5587], [0.6782, 0.6795, 0.6881, 0.6844, 0.3054, 0.6905, 0.6881, 0.6825, 0.688], [0.5595, 0.4392, 0.442, 0.5566, 0.5554, 0.4645, 0.44, 0.4852, 0.5583]]
Results: 	[[0.6073, 0.6087, 0.5617, 0.3936, 0.6028, 0.6088, 0.6076, 0.6091, 0.607, 0.609], [0.5151, 0.4687, 0.5437, 0.5016, 0.493, 0.4825, 0.4712, 0.5015, 0.5283, 0.509], [0.564, 0.5637, 0.4246, 0.5768, 0.527, 0.4223, 0.5716, 0.5744, 0.5159, 0.4172], [0.5621, 0.5612, 0.5492, 0.5483, 0.5735, 0.5519, 0.5644, 0.5504, 0.5587, 0.5494], [0.6782, 0.6795, 0.6881, 0.6844, 0.3054, 0.6905, 0.6881, 0.6825, 0.688, 0.673], [0.5595, 0.4392, 0.442, 0.5566, 0.5554, 0.4645, 0.44, 0.4852, 0.5583, 0.4375]]
Results: 	[[0.6073, 0.6087, 0.5617, 0.3936, 0.6028, 0.6088, 0.6076, 0.6091, 0.607, 0.609, 0.6081], [0.5151, 0.4687, 0.5437, 0.5016, 0.493, 0.4825, 0.4712, 0.5015, 0.5283, 0.509, 0.5192], [0.564, 0.5637, 0.4246, 0.5768, 0.527, 0.4223, 0.5716, 0.5744, 0.5159, 0.4172, 0.4307], [0.5621, 0.5612, 0.5492, 0.5483, 0.5735, 0.5519, 0.5644, 0.5504, 0.5587, 0.5494, 0.5522], [0.6782, 0.6795, 0.6881, 0.6844, 0.3054, 0.6905, 0.6881, 0.6825, 0.688, 0.673, 0.296], [0.5595, 0.4392, 0.442, 0.5566, 0.5554, 0.4645, 0.44, 0.4852, 0.5583, 0.4375, 0.4614]]
Results: 	[[0.6073, 0.6087, 0.5617, 0.3936, 0.6028, 0.6088, 0.6076, 0.6091, 0.607, 0.609, 0.6081, 0.5779], [0.5151, 0.4687, 0.5437, 0.5016, 0.493, 0.4825, 0.4712, 0.5015, 0.5283, 0.509, 0.5192, 0.5062], [0.564, 0.5637, 0.4246, 0.5768, 0.527, 0.4223, 0.5716, 0.5744, 0.5159, 0.4172, 0.4307, 0.4259], [0.5621, 0.5612, 0.5492, 0.5483, 0.5735, 0.5519, 0.5644, 0.5504, 0.5587, 0.5494, 0.5522, 0.5703], [0.6782, 0.6795, 0.6881, 0.6844, 0.3054, 0.6905, 0.6881, 0.6825, 0.688, 0.673, 0.296, 0.6822], [0.5595, 0.4392, 0.442, 0.5566, 0.5554, 0.4645, 0.44, 0.4852, 0.5583, 0.4375, 0.4614, 0.5376]]
Results: 	[[0.6073, 0.6087, 0.5617, 0.3936, 0.6028, 0.6088, 0.6076, 0.6091, 0.607, 0.609, 0.6081, 0.5779, 0.6081], [0.5151, 0.4687, 0.5437, 0.5016, 0.493, 0.4825, 0.4712, 0.5015, 0.5283, 0.509, 0.5192, 0.5062, 0.5396], [0.564, 0.5637, 0.4246, 0.5768, 0.527, 0.4223, 0.5716, 0.5744, 0.5159, 0.4172, 0.4307, 0.4259, 0.5538], [0.5621, 0.5612, 0.5492, 0.5483, 0.5735, 0.5519, 0.5644, 0.5504, 0.5587, 0.5494, 0.5522, 0.5703, 0.5509], [0.6782, 0.6795, 0.6881, 0.6844, 0.3054, 0.6905, 0.6881, 0.6825, 0.688, 0.673, 0.296, 0.6822, 0.307], [0.5595, 0.4392, 0.442, 0.5566, 0.5554, 0.4645, 0.44, 0.4852, 0.5583, 0.4375, 0.4614, 0.5376, 0.5582]]
Results: 	[[0.6073, 0.6087, 0.5617, 0.3936, 0.6028, 0.6088, 0.6076, 0.6091, 0.607, 0.609, 0.6081, 0.5779, 0.6081, 0.6087], [0.5151, 0.4687, 0.5437, 0.5016, 0.493, 0.4825, 0.4712, 0.5015, 0.5283, 0.509, 0.5192, 0.5062, 0.5396, 0.4831], [0.564, 0.5637, 0.4246, 0.5768, 0.527, 0.4223, 0.5716, 0.5744, 0.5159, 0.4172, 0.4307, 0.4259, 0.5538, 0.4204], [0.5621, 0.5612, 0.5492, 0.5483, 0.5735, 0.5519, 0.5644, 0.5504, 0.5587, 0.5494, 0.5522, 0.5703, 0.5509, 0.5576], [0.6782, 0.6795, 0.6881, 0.6844, 0.3054, 0.6905, 0.6881, 0.6825, 0.688, 0.673, 0.296, 0.6822, 0.307, 0.6811], [0.5595, 0.4392, 0.442, 0.5566, 0.5554, 0.4645, 0.44, 0.4852, 0.5583, 0.4375, 0.4614, 0.5376, 0.5582, 0.558]]
Results: 	[[0.6073, 0.6087, 0.5617, 0.3936, 0.6028, 0.6088, 0.6076, 0.6091, 0.607, 0.609, 0.6081, 0.5779, 0.6081, 0.6087, 0.6087], [0.5151, 0.4687, 0.5437, 0.5016, 0.493, 0.4825, 0.4712, 0.5015, 0.5283, 0.509, 0.5192, 0.5062, 0.5396, 0.4831, 0.5065], [0.564, 0.5637, 0.4246, 0.5768, 0.527, 0.4223, 0.5716, 0.5744, 0.5159, 0.4172, 0.4307, 0.4259, 0.5538, 0.4204, 0.4153], [0.5621, 0.5612, 0.5492, 0.5483, 0.5735, 0.5519, 0.5644, 0.5504, 0.5587, 0.5494, 0.5522, 0.5703, 0.5509, 0.5576, 0.5497], [0.6782, 0.6795, 0.6881, 0.6844, 0.3054, 0.6905, 0.6881, 0.6825, 0.688, 0.673, 0.296, 0.6822, 0.307, 0.6811, 0.6844], [0.5595, 0.4392, 0.442, 0.5566, 0.5554, 0.4645, 0.44, 0.4852, 0.5583, 0.4375, 0.4614, 0.5376, 0.5582, 0.558, 0.5558]]
Results: 	[[0.6073, 0.6087, 0.5617, 0.3936, 0.6028, 0.6088, 0.6076, 0.6091, 0.607, 0.609, 0.6081, 0.5779, 0.6081, 0.6087, 0.6087, 0.6058], [0.5151, 0.4687, 0.5437, 0.5016, 0.493, 0.4825, 0.4712, 0.5015, 0.5283, 0.509, 0.5192, 0.5062, 0.5396, 0.4831, 0.5065, 0.5204], [0.564, 0.5637, 0.4246, 0.5768, 0.527, 0.4223, 0.5716, 0.5744, 0.5159, 0.4172, 0.4307, 0.4259, 0.5538, 0.4204, 0.4153, 0.5777], [0.5621, 0.5612, 0.5492, 0.5483, 0.5735, 0.5519, 0.5644, 0.5504, 0.5587, 0.5494, 0.5522, 0.5703, 0.5509, 0.5576, 0.5497, 0.4907], [0.6782, 0.6795, 0.6881, 0.6844, 0.3054, 0.6905, 0.6881, 0.6825, 0.688, 0.673, 0.296, 0.6822, 0.307, 0.6811, 0.6844, 0.3141], [0.5595, 0.4392, 0.442, 0.5566, 0.5554, 0.4645, 0.44, 0.4852, 0.5583, 0.4375, 0.4614, 0.5376, 0.5582, 0.558, 0.5558, 0.5573]]
Results: 	[[0.6073, 0.6087, 0.5617, 0.3936, 0.6028, 0.6088, 0.6076, 0.6091, 0.607, 0.609, 0.6081, 0.5779, 0.6081, 0.6087, 0.6087, 0.6058, 0.6049], [0.5151, 0.4687, 0.5437, 0.5016, 0.493, 0.4825, 0.4712, 0.5015, 0.5283, 0.509, 0.5192, 0.5062, 0.5396, 0.4831, 0.5065, 0.5204, 0.4968], [0.564, 0.5637, 0.4246, 0.5768, 0.527, 0.4223, 0.5716, 0.5744, 0.5159, 0.4172, 0.4307, 0.4259, 0.5538, 0.4204, 0.4153, 0.5777, 0.4244], [0.5621, 0.5612, 0.5492, 0.5483, 0.5735, 0.5519, 0.5644, 0.5504, 0.5587, 0.5494, 0.5522, 0.5703, 0.5509, 0.5576, 0.5497, 0.4907, 0.5559], [0.6782, 0.6795, 0.6881, 0.6844, 0.3054, 0.6905, 0.6881, 0.6825, 0.688, 0.673, 0.296, 0.6822, 0.307, 0.6811, 0.6844, 0.3141, 0.6821], [0.5595, 0.4392, 0.442, 0.5566, 0.5554, 0.4645, 0.44, 0.4852, 0.5583, 0.4375, 0.4614, 0.5376, 0.5582, 0.558, 0.5558, 0.5573, 0.5543]]
Results: 	[[0.6073, 0.6087, 0.5617, 0.3936, 0.6028, 0.6088, 0.6076, 0.6091, 0.607, 0.609, 0.6081, 0.5779, 0.6081, 0.6087, 0.6087, 0.6058, 0.6049, 0.5638], [0.5151, 0.4687, 0.5437, 0.5016, 0.493, 0.4825, 0.4712, 0.5015, 0.5283, 0.509, 0.5192, 0.5062, 0.5396, 0.4831, 0.5065, 0.5204, 0.4968, 0.5021], [0.564, 0.5637, 0.4246, 0.5768, 0.527, 0.4223, 0.5716, 0.5744, 0.5159, 0.4172, 0.4307, 0.4259, 0.5538, 0.4204, 0.4153, 0.5777, 0.4244, 0.5777], [0.5621, 0.5612, 0.5492, 0.5483, 0.5735, 0.5519, 0.5644, 0.5504, 0.5587, 0.5494, 0.5522, 0.5703, 0.5509, 0.5576, 0.5497, 0.4907, 0.5559, 0.5744], [0.6782, 0.6795, 0.6881, 0.6844, 0.3054, 0.6905, 0.6881, 0.6825, 0.688, 0.673, 0.296, 0.6822, 0.307, 0.6811, 0.6844, 0.3141, 0.6821, 0.6817], [0.5595, 0.4392, 0.442, 0.5566, 0.5554, 0.4645, 0.44, 0.4852, 0.5583, 0.4375, 0.4614, 0.5376, 0.5582, 0.558, 0.5558, 0.5573, 0.5543, 0.5587]]
Results: 	[[0.6073, 0.6087, 0.5617, 0.3936, 0.6028, 0.6088, 0.6076, 0.6091, 0.607, 0.609, 0.6081, 0.5779, 0.6081, 0.6087, 0.6087, 0.6058, 0.6049, 0.5638, 0.6082], [0.5151, 0.4687, 0.5437, 0.5016, 0.493, 0.4825, 0.4712, 0.5015, 0.5283, 0.509, 0.5192, 0.5062, 0.5396, 0.4831, 0.5065, 0.5204, 0.4968, 0.5021, 0.5117], [0.564, 0.5637, 0.4246, 0.5768, 0.527, 0.4223, 0.5716, 0.5744, 0.5159, 0.4172, 0.4307, 0.4259, 0.5538, 0.4204, 0.4153, 0.5777, 0.4244, 0.5777, 0.4474], [0.5621, 0.5612, 0.5492, 0.5483, 0.5735, 0.5519, 0.5644, 0.5504, 0.5587, 0.5494, 0.5522, 0.5703, 0.5509, 0.5576, 0.5497, 0.4907, 0.5559, 0.5744, 0.5253], [0.6782, 0.6795, 0.6881, 0.6844, 0.3054, 0.6905, 0.6881, 0.6825, 0.688, 0.673, 0.296, 0.6822, 0.307, 0.6811, 0.6844, 0.3141, 0.6821, 0.6817, 0.6803], [0.5595, 0.4392, 0.442, 0.5566, 0.5554, 0.4645, 0.44, 0.4852, 0.5583, 0.4375, 0.4614, 0.5376, 0.5582, 0.558, 0.5558, 0.5573, 0.5543, 0.5587, 0.4417]]
Results: 	[[0.6073, 0.6087, 0.5617, 0.3936, 0.6028, 0.6088, 0.6076, 0.6091, 0.607, 0.609, 0.6081, 0.5779, 0.6081, 0.6087, 0.6087, 0.6058, 0.6049, 0.5638, 0.6082, 0.3871], [0.5151, 0.4687, 0.5437, 0.5016, 0.493, 0.4825, 0.4712, 0.5015, 0.5283, 0.509, 0.5192, 0.5062, 0.5396, 0.4831, 0.5065, 0.5204, 0.4968, 0.5021, 0.5117, 0.5183], [0.564, 0.5637, 0.4246, 0.5768, 0.527, 0.4223, 0.5716, 0.5744, 0.5159, 0.4172, 0.4307, 0.4259, 0.5538, 0.4204, 0.4153, 0.5777, 0.4244, 0.5777, 0.4474, 0.5694], [0.5621, 0.5612, 0.5492, 0.5483, 0.5735, 0.5519, 0.5644, 0.5504, 0.5587, 0.5494, 0.5522, 0.5703, 0.5509, 0.5576, 0.5497, 0.4907, 0.5559, 0.5744, 0.5253, 0.5429], [0.6782, 0.6795, 0.6881, 0.6844, 0.3054, 0.6905, 0.6881, 0.6825, 0.688, 0.673, 0.296, 0.6822, 0.307, 0.6811, 0.6844, 0.3141, 0.6821, 0.6817, 0.6803, 0.6793], [0.5595, 0.4392, 0.442, 0.5566, 0.5554, 0.4645, 0.44, 0.4852, 0.5583, 0.4375, 0.4614, 0.5376, 0.5582, 0.558, 0.5558, 0.5573, 0.5543, 0.5587, 0.4417, 0.5566]]
Results: 	[[0.6073, 0.6087, 0.5617, 0.3936, 0.6028, 0.6088, 0.6076, 0.6091, 0.607, 0.609, 0.6081, 0.5779, 0.6081, 0.6087, 0.6087, 0.6058, 0.6049, 0.5638, 0.6082, 0.3871, 0.6102], [0.5151, 0.4687, 0.5437, 0.5016, 0.493, 0.4825, 0.4712, 0.5015, 0.5283, 0.509, 0.5192, 0.5062, 0.5396, 0.4831, 0.5065, 0.5204, 0.4968, 0.5021, 0.5117, 0.5183, 0.5059], [0.564, 0.5637, 0.4246, 0.5768, 0.527, 0.4223, 0.5716, 0.5744, 0.5159, 0.4172, 0.4307, 0.4259, 0.5538, 0.4204, 0.4153, 0.5777, 0.4244, 0.5777, 0.4474, 0.5694, 0.4388], [0.5621, 0.5612, 0.5492, 0.5483, 0.5735, 0.5519, 0.5644, 0.5504, 0.5587, 0.5494, 0.5522, 0.5703, 0.5509, 0.5576, 0.5497, 0.4907, 0.5559, 0.5744, 0.5253, 0.5429, 0.5559], [0.6782, 0.6795, 0.6881, 0.6844, 0.3054, 0.6905, 0.6881, 0.6825, 0.688, 0.673, 0.296, 0.6822, 0.307, 0.6811, 0.6844, 0.3141, 0.6821, 0.6817, 0.6803, 0.6793, 0.6799], [0.5595, 0.4392, 0.442, 0.5566, 0.5554, 0.4645, 0.44, 0.4852, 0.5583, 0.4375, 0.4614, 0.5376, 0.5582, 0.558, 0.5558, 0.5573, 0.5543, 0.5587, 0.4417, 0.5566, 0.5541]]
Results: 	[[0.6073, 0.6087, 0.5617, 0.3936, 0.6028, 0.6088, 0.6076, 0.6091, 0.607, 0.609, 0.6081, 0.5779, 0.6081, 0.6087, 0.6087, 0.6058, 0.6049, 0.5638, 0.6082, 0.3871, 0.6102, 0.608], [0.5151, 0.4687, 0.5437, 0.5016, 0.493, 0.4825, 0.4712, 0.5015, 0.5283, 0.509, 0.5192, 0.5062, 0.5396, 0.4831, 0.5065, 0.5204, 0.4968, 0.5021, 0.5117, 0.5183, 0.5059, 0.5072], [0.564, 0.5637, 0.4246, 0.5768, 0.527, 0.4223, 0.5716, 0.5744, 0.5159, 0.4172, 0.4307, 0.4259, 0.5538, 0.4204, 0.4153, 0.5777, 0.4244, 0.5777, 0.4474, 0.5694, 0.4388, 0.4164], [0.5621, 0.5612, 0.5492, 0.5483, 0.5735, 0.5519, 0.5644, 0.5504, 0.5587, 0.5494, 0.5522, 0.5703, 0.5509, 0.5576, 0.5497, 0.4907, 0.5559, 0.5744, 0.5253, 0.5429, 0.5559, 0.5437], [0.6782, 0.6795, 0.6881, 0.6844, 0.3054, 0.6905, 0.6881, 0.6825, 0.688, 0.673, 0.296, 0.6822, 0.307, 0.6811, 0.6844, 0.3141, 0.6821, 0.6817, 0.6803, 0.6793, 0.6799, 0.6816], [0.5595, 0.4392, 0.442, 0.5566, 0.5554, 0.4645, 0.44, 0.4852, 0.5583, 0.4375, 0.4614, 0.5376, 0.5582, 0.558, 0.5558, 0.5573, 0.5543, 0.5587, 0.4417, 0.5566, 0.5541, 0.5589]]
Results: 	[[0.6073, 0.6087, 0.5617, 0.3936, 0.6028, 0.6088, 0.6076, 0.6091, 0.607, 0.609, 0.6081, 0.5779, 0.6081, 0.6087, 0.6087, 0.6058, 0.6049, 0.5638, 0.6082, 0.3871, 0.6102, 0.608, 0.4149], [0.5151, 0.4687, 0.5437, 0.5016, 0.493, 0.4825, 0.4712, 0.5015, 0.5283, 0.509, 0.5192, 0.5062, 0.5396, 0.4831, 0.5065, 0.5204, 0.4968, 0.5021, 0.5117, 0.5183, 0.5059, 0.5072, 0.5177], [0.564, 0.5637, 0.4246, 0.5768, 0.527, 0.4223, 0.5716, 0.5744, 0.5159, 0.4172, 0.4307, 0.4259, 0.5538, 0.4204, 0.4153, 0.5777, 0.4244, 0.5777, 0.4474, 0.5694, 0.4388, 0.4164, 0.5806], [0.5621, 0.5612, 0.5492, 0.5483, 0.5735, 0.5519, 0.5644, 0.5504, 0.5587, 0.5494, 0.5522, 0.5703, 0.5509, 0.5576, 0.5497, 0.4907, 0.5559, 0.5744, 0.5253, 0.5429, 0.5559, 0.5437, 0.5557], [0.6782, 0.6795, 0.6881, 0.6844, 0.3054, 0.6905, 0.6881, 0.6825, 0.688, 0.673, 0.296, 0.6822, 0.307, 0.6811, 0.6844, 0.3141, 0.6821, 0.6817, 0.6803, 0.6793, 0.6799, 0.6816, 0.6824], [0.5595, 0.4392, 0.442, 0.5566, 0.5554, 0.4645, 0.44, 0.4852, 0.5583, 0.4375, 0.4614, 0.5376, 0.5582, 0.558, 0.5558, 0.5573, 0.5543, 0.5587, 0.4417, 0.5566, 0.5541, 0.5589, 0.4402]]
Results: 	[[0.6073, 0.6087, 0.5617, 0.3936, 0.6028, 0.6088, 0.6076, 0.6091, 0.607, 0.609, 0.6081, 0.5779, 0.6081, 0.6087, 0.6087, 0.6058, 0.6049, 0.5638, 0.6082, 0.3871, 0.6102, 0.608, 0.4149, 0.604], [0.5151, 0.4687, 0.5437, 0.5016, 0.493, 0.4825, 0.4712, 0.5015, 0.5283, 0.509, 0.5192, 0.5062, 0.5396, 0.4831, 0.5065, 0.5204, 0.4968, 0.5021, 0.5117, 0.5183, 0.5059, 0.5072, 0.5177, 0.499], [0.564, 0.5637, 0.4246, 0.5768, 0.527, 0.4223, 0.5716, 0.5744, 0.5159, 0.4172, 0.4307, 0.4259, 0.5538, 0.4204, 0.4153, 0.5777, 0.4244, 0.5777, 0.4474, 0.5694, 0.4388, 0.4164, 0.5806, 0.5686], [0.5621, 0.5612, 0.5492, 0.5483, 0.5735, 0.5519, 0.5644, 0.5504, 0.5587, 0.5494, 0.5522, 0.5703, 0.5509, 0.5576, 0.5497, 0.4907, 0.5559, 0.5744, 0.5253, 0.5429, 0.5559, 0.5437, 0.5557, 0.5681], [0.6782, 0.6795, 0.6881, 0.6844, 0.3054, 0.6905, 0.6881, 0.6825, 0.688, 0.673, 0.296, 0.6822, 0.307, 0.6811, 0.6844, 0.3141, 0.6821, 0.6817, 0.6803, 0.6793, 0.6799, 0.6816, 0.6824, 0.6834], [0.5595, 0.4392, 0.442, 0.5566, 0.5554, 0.4645, 0.44, 0.4852, 0.5583, 0.4375, 0.4614, 0.5376, 0.5582, 0.558, 0.5558, 0.5573, 0.5543, 0.5587, 0.4417, 0.5566, 0.5541, 0.5589, 0.4402, 0.5595]]
Results: 	[[0.6073, 0.6087, 0.5617, 0.3936, 0.6028, 0.6088, 0.6076, 0.6091, 0.607, 0.609, 0.6081, 0.5779, 0.6081, 0.6087, 0.6087, 0.6058, 0.6049, 0.5638, 0.6082, 0.3871, 0.6102, 0.608, 0.4149, 0.604, 0.608], [0.5151, 0.4687, 0.5437, 0.5016, 0.493, 0.4825, 0.4712, 0.5015, 0.5283, 0.509, 0.5192, 0.5062, 0.5396, 0.4831, 0.5065, 0.5204, 0.4968, 0.5021, 0.5117, 0.5183, 0.5059, 0.5072, 0.5177, 0.499, 0.4581], [0.564, 0.5637, 0.4246, 0.5768, 0.527, 0.4223, 0.5716, 0.5744, 0.5159, 0.4172, 0.4307, 0.4259, 0.5538, 0.4204, 0.4153, 0.5777, 0.4244, 0.5777, 0.4474, 0.5694, 0.4388, 0.4164, 0.5806, 0.5686, 0.5736], [0.5621, 0.5612, 0.5492, 0.5483, 0.5735, 0.5519, 0.5644, 0.5504, 0.5587, 0.5494, 0.5522, 0.5703, 0.5509, 0.5576, 0.5497, 0.4907, 0.5559, 0.5744, 0.5253, 0.5429, 0.5559, 0.5437, 0.5557, 0.5681, 0.5572], [0.6782, 0.6795, 0.6881, 0.6844, 0.3054, 0.6905, 0.6881, 0.6825, 0.688, 0.673, 0.296, 0.6822, 0.307, 0.6811, 0.6844, 0.3141, 0.6821, 0.6817, 0.6803, 0.6793, 0.6799, 0.6816, 0.6824, 0.6834, 0.6829], [0.5595, 0.4392, 0.442, 0.5566, 0.5554, 0.4645, 0.44, 0.4852, 0.5583, 0.4375, 0.4614, 0.5376, 0.5582, 0.558, 0.5558, 0.5573, 0.5543, 0.5587, 0.4417, 0.5566, 0.5541, 0.5589, 0.4402, 0.5595, 0.559]]
Results: 	[[0.6073, 0.6087, 0.5617, 0.3936, 0.6028, 0.6088, 0.6076, 0.6091, 0.607, 0.609, 0.6081, 0.5779, 0.6081, 0.6087, 0.6087, 0.6058, 0.6049, 0.5638, 0.6082, 0.3871, 0.6102, 0.608, 0.4149, 0.604, 0.608, 0.6089], [0.5151, 0.4687, 0.5437, 0.5016, 0.493, 0.4825, 0.4712, 0.5015, 0.5283, 0.509, 0.5192, 0.5062, 0.5396, 0.4831, 0.5065, 0.5204, 0.4968, 0.5021, 0.5117, 0.5183, 0.5059, 0.5072, 0.5177, 0.499, 0.4581, 0.522], [0.564, 0.5637, 0.4246, 0.5768, 0.527, 0.4223, 0.5716, 0.5744, 0.5159, 0.4172, 0.4307, 0.4259, 0.5538, 0.4204, 0.4153, 0.5777, 0.4244, 0.5777, 0.4474, 0.5694, 0.4388, 0.4164, 0.5806, 0.5686, 0.5736, 0.417], [0.5621, 0.5612, 0.5492, 0.5483, 0.5735, 0.5519, 0.5644, 0.5504, 0.5587, 0.5494, 0.5522, 0.5703, 0.5509, 0.5576, 0.5497, 0.4907, 0.5559, 0.5744, 0.5253, 0.5429, 0.5559, 0.5437, 0.5557, 0.5681, 0.5572, 0.5654], [0.6782, 0.6795, 0.6881, 0.6844, 0.3054, 0.6905, 0.6881, 0.6825, 0.688, 0.673, 0.296, 0.6822, 0.307, 0.6811, 0.6844, 0.3141, 0.6821, 0.6817, 0.6803, 0.6793, 0.6799, 0.6816, 0.6824, 0.6834, 0.6829, 0.6876], [0.5595, 0.4392, 0.442, 0.5566, 0.5554, 0.4645, 0.44, 0.4852, 0.5583, 0.4375, 0.4614, 0.5376, 0.5582, 0.558, 0.5558, 0.5573, 0.5543, 0.5587, 0.4417, 0.5566, 0.5541, 0.5589, 0.4402, 0.5595, 0.559, 0.4395]]
Results: 	[[0.6073, 0.6087, 0.5617, 0.3936, 0.6028, 0.6088, 0.6076, 0.6091, 0.607, 0.609, 0.6081, 0.5779, 0.6081, 0.6087, 0.6087, 0.6058, 0.6049, 0.5638, 0.6082, 0.3871, 0.6102, 0.608, 0.4149, 0.604, 0.608, 0.6089, 0.6064], [0.5151, 0.4687, 0.5437, 0.5016, 0.493, 0.4825, 0.4712, 0.5015, 0.5283, 0.509, 0.5192, 0.5062, 0.5396, 0.4831, 0.5065, 0.5204, 0.4968, 0.5021, 0.5117, 0.5183, 0.5059, 0.5072, 0.5177, 0.499, 0.4581, 0.522, 0.4639], [0.564, 0.5637, 0.4246, 0.5768, 0.527, 0.4223, 0.5716, 0.5744, 0.5159, 0.4172, 0.4307, 0.4259, 0.5538, 0.4204, 0.4153, 0.5777, 0.4244, 0.5777, 0.4474, 0.5694, 0.4388, 0.4164, 0.5806, 0.5686, 0.5736, 0.417, 0.4303], [0.5621, 0.5612, 0.5492, 0.5483, 0.5735, 0.5519, 0.5644, 0.5504, 0.5587, 0.5494, 0.5522, 0.5703, 0.5509, 0.5576, 0.5497, 0.4907, 0.5559, 0.5744, 0.5253, 0.5429, 0.5559, 0.5437, 0.5557, 0.5681, 0.5572, 0.5654, 0.5575], [0.6782, 0.6795, 0.6881, 0.6844, 0.3054, 0.6905, 0.6881, 0.6825, 0.688, 0.673, 0.296, 0.6822, 0.307, 0.6811, 0.6844, 0.3141, 0.6821, 0.6817, 0.6803, 0.6793, 0.6799, 0.6816, 0.6824, 0.6834, 0.6829, 0.6876, 0.6796], [0.5595, 0.4392, 0.442, 0.5566, 0.5554, 0.4645, 0.44, 0.4852, 0.5583, 0.4375, 0.4614, 0.5376, 0.5582, 0.558, 0.5558, 0.5573, 0.5543, 0.5587, 0.4417, 0.5566, 0.5541, 0.5589, 0.4402, 0.5595, 0.559, 0.4395, 0.4393]]
Results: 	[[0.6073, 0.6087, 0.5617, 0.3936, 0.6028, 0.6088, 0.6076, 0.6091, 0.607, 0.609, 0.6081, 0.5779, 0.6081, 0.6087, 0.6087, 0.6058, 0.6049, 0.5638, 0.6082, 0.3871, 0.6102, 0.608, 0.4149, 0.604, 0.608, 0.6089, 0.6064, 0.608], [0.5151, 0.4687, 0.5437, 0.5016, 0.493, 0.4825, 0.4712, 0.5015, 0.5283, 0.509, 0.5192, 0.5062, 0.5396, 0.4831, 0.5065, 0.5204, 0.4968, 0.5021, 0.5117, 0.5183, 0.5059, 0.5072, 0.5177, 0.499, 0.4581, 0.522, 0.4639, 0.5047], [0.564, 0.5637, 0.4246, 0.5768, 0.527, 0.4223, 0.5716, 0.5744, 0.5159, 0.4172, 0.4307, 0.4259, 0.5538, 0.4204, 0.4153, 0.5777, 0.4244, 0.5777, 0.4474, 0.5694, 0.4388, 0.4164, 0.5806, 0.5686, 0.5736, 0.417, 0.4303, 0.5781], [0.5621, 0.5612, 0.5492, 0.5483, 0.5735, 0.5519, 0.5644, 0.5504, 0.5587, 0.5494, 0.5522, 0.5703, 0.5509, 0.5576, 0.5497, 0.4907, 0.5559, 0.5744, 0.5253, 0.5429, 0.5559, 0.5437, 0.5557, 0.5681, 0.5572, 0.5654, 0.5575, 0.5998], [0.6782, 0.6795, 0.6881, 0.6844, 0.3054, 0.6905, 0.6881, 0.6825, 0.688, 0.673, 0.296, 0.6822, 0.307, 0.6811, 0.6844, 0.3141, 0.6821, 0.6817, 0.6803, 0.6793, 0.6799, 0.6816, 0.6824, 0.6834, 0.6829, 0.6876, 0.6796, 0.687], [0.5595, 0.4392, 0.442, 0.5566, 0.5554, 0.4645, 0.44, 0.4852, 0.5583, 0.4375, 0.4614, 0.5376, 0.5582, 0.558, 0.5558, 0.5573, 0.5543, 0.5587, 0.4417, 0.5566, 0.5541, 0.5589, 0.4402, 0.5595, 0.559, 0.4395, 0.4393, 0.5589]]
Results: 	[[0.6073, 0.6087, 0.5617, 0.3936, 0.6028, 0.6088, 0.6076, 0.6091, 0.607, 0.609, 0.6081, 0.5779, 0.6081, 0.6087, 0.6087, 0.6058, 0.6049, 0.5638, 0.6082, 0.3871, 0.6102, 0.608, 0.4149, 0.604, 0.608, 0.6089, 0.6064, 0.608, 0.4792], [0.5151, 0.4687, 0.5437, 0.5016, 0.493, 0.4825, 0.4712, 0.5015, 0.5283, 0.509, 0.5192, 0.5062, 0.5396, 0.4831, 0.5065, 0.5204, 0.4968, 0.5021, 0.5117, 0.5183, 0.5059, 0.5072, 0.5177, 0.499, 0.4581, 0.522, 0.4639, 0.5047, 0.4996], [0.564, 0.5637, 0.4246, 0.5768, 0.527, 0.4223, 0.5716, 0.5744, 0.5159, 0.4172, 0.4307, 0.4259, 0.5538, 0.4204, 0.4153, 0.5777, 0.4244, 0.5777, 0.4474, 0.5694, 0.4388, 0.4164, 0.5806, 0.5686, 0.5736, 0.417, 0.4303, 0.5781, 0.5724], [0.5621, 0.5612, 0.5492, 0.5483, 0.5735, 0.5519, 0.5644, 0.5504, 0.5587, 0.5494, 0.5522, 0.5703, 0.5509, 0.5576, 0.5497, 0.4907, 0.5559, 0.5744, 0.5253, 0.5429, 0.5559, 0.5437, 0.5557, 0.5681, 0.5572, 0.5654, 0.5575, 0.5998, 0.4722], [0.6782, 0.6795, 0.6881, 0.6844, 0.3054, 0.6905, 0.6881, 0.6825, 0.688, 0.673, 0.296, 0.6822, 0.307, 0.6811, 0.6844, 0.3141, 0.6821, 0.6817, 0.6803, 0.6793, 0.6799, 0.6816, 0.6824, 0.6834, 0.6829, 0.6876, 0.6796, 0.687, 0.683], [0.5595, 0.4392, 0.442, 0.5566, 0.5554, 0.4645, 0.44, 0.4852, 0.5583, 0.4375, 0.4614, 0.5376, 0.5582, 0.558, 0.5558, 0.5573, 0.5543, 0.5587, 0.4417, 0.5566, 0.5541, 0.5589, 0.4402, 0.5595, 0.559, 0.4395, 0.4393, 0.5589, 0.5513]]
Results: 	[[0.6073, 0.6087, 0.5617, 0.3936, 0.6028, 0.6088, 0.6076, 0.6091, 0.607, 0.609, 0.6081, 0.5779, 0.6081, 0.6087, 0.6087, 0.6058, 0.6049, 0.5638, 0.6082, 0.3871, 0.6102, 0.608, 0.4149, 0.604, 0.608, 0.6089, 0.6064, 0.608, 0.4792, 0.6098], [0.5151, 0.4687, 0.5437, 0.5016, 0.493, 0.4825, 0.4712, 0.5015, 0.5283, 0.509, 0.5192, 0.5062, 0.5396, 0.4831, 0.5065, 0.5204, 0.4968, 0.5021, 0.5117, 0.5183, 0.5059, 0.5072, 0.5177, 0.499, 0.4581, 0.522, 0.4639, 0.5047, 0.4996, 0.5027], [0.564, 0.5637, 0.4246, 0.5768, 0.527, 0.4223, 0.5716, 0.5744, 0.5159, 0.4172, 0.4307, 0.4259, 0.5538, 0.4204, 0.4153, 0.5777, 0.4244, 0.5777, 0.4474, 0.5694, 0.4388, 0.4164, 0.5806, 0.5686, 0.5736, 0.417, 0.4303, 0.5781, 0.5724, 0.5796], [0.5621, 0.5612, 0.5492, 0.5483, 0.5735, 0.5519, 0.5644, 0.5504, 0.5587, 0.5494, 0.5522, 0.5703, 0.5509, 0.5576, 0.5497, 0.4907, 0.5559, 0.5744, 0.5253, 0.5429, 0.5559, 0.5437, 0.5557, 0.5681, 0.5572, 0.5654, 0.5575, 0.5998, 0.4722, 0.5664], [0.6782, 0.6795, 0.6881, 0.6844, 0.3054, 0.6905, 0.6881, 0.6825, 0.688, 0.673, 0.296, 0.6822, 0.307, 0.6811, 0.6844, 0.3141, 0.6821, 0.6817, 0.6803, 0.6793, 0.6799, 0.6816, 0.6824, 0.6834, 0.6829, 0.6876, 0.6796, 0.687, 0.683, 0.6836], [0.5595, 0.4392, 0.442, 0.5566, 0.5554, 0.4645, 0.44, 0.4852, 0.5583, 0.4375, 0.4614, 0.5376, 0.5582, 0.558, 0.5558, 0.5573, 0.5543, 0.5587, 0.4417, 0.5566, 0.5541, 0.5589, 0.4402, 0.5595, 0.559, 0.4395, 0.4393, 0.5589, 0.5513, 0.5565]]

-----------------------------------------------------------------
Task                                            Acc         F1      AUROC  (mean±std)
-----------------------------------------------------------------
Renal and urinary disorders              0.5693±0.0639  0.6359±0.0955  0.5785±0.0652
Pregnancy, puerperium and perinatal conditions 0.4645±0.0884  0.1487±0.0166  0.5033±0.0200
Ear and labyrinth disorders              0.4999±0.0456  0.4886±0.0878  0.5052±0.0713
Cardiac disorders                        0.5513±0.0561  0.6348±0.0859  0.5527±0.0229
Nervous system disorders                 0.7212±0.1664  0.8148±0.1549  0.6326±0.1283
Injury, poisoning and procedural complications 0.5173±0.0814  0.5738±0.1462  0.5165±0.0528

OVERALL AVERAGE                          0.5539              0.5494              0.5481
-----------------------------------------------------------------
