
=================================================================
Variant : GINEConv-only  |  10-shot
Dataset : tox21  |  K_shot=10
Tasks   : ['SR-HSE', 'SR-MMP', 'SR-p53']
=================================================================
Results: 	[[0.7308], [0.7973], [0.7812]]
Results: 	[[0.7308, 0.7305], [0.7973, 0.793], [0.7812, 0.7984]]
Results: 	[[0.7308, 0.7305, 0.7332], [0.7973, 0.793, 0.7942], [0.7812, 0.7984, 0.7872]]
Results: 	[[0.7308, 0.7305, 0.7332, 0.7338], [0.7973, 0.793, 0.7942, 0.7986], [0.7812, 0.7984, 0.7872, 0.7823]]
Results: 	[[0.7308, 0.7305, 0.7332, 0.7338, 0.7352], [0.7973, 0.793, 0.7942, 0.7986, 0.3646], [0.7812, 0.7984, 0.7872, 0.7823, 0.7735]]
Results: 	[[0.7308, 0.7305, 0.7332, 0.7338, 0.7352, 0.7119], [0.7973, 0.793, 0.7942, 0.7986, 0.3646, 0.7979], [0.7812, 0.7984, 0.7872, 0.7823, 0.7735, 0.7669]]
Results: 	[[0.7308, 0.7305, 0.7332, 0.7338, 0.7352, 0.7119, 0.3996], [0.7973, 0.793, 0.7942, 0.7986, 0.3646, 0.7979, 0.793], [0.7812, 0.7984, 0.7872, 0.7823, 0.7735, 0.7669, 0.7872]]
Results: 	[[0.7308, 0.7305, 0.7332, 0.7338, 0.7352, 0.7119, 0.3996, 0.7164], [0.7973, 0.793, 0.7942, 0.7986, 0.3646, 0.7979, 0.793, 0.7543], [0.7812, 0.7984, 0.7872, 0.7823, 0.7735, 0.7669, 0.7872, 0.7225]]
Results: 	[[0.7308, 0.7305, 0.7332, 0.7338, 0.7352, 0.7119, 0.3996, 0.7164, 0.742], [0.7973, 0.793, 0.7942, 0.7986, 0.3646, 0.7979, 0.793, 0.7543, 0.7719], [0.7812, 0.7984, 0.7872, 0.7823, 0.7735, 0.7669, 0.7872, 0.7225, 0.7841]]
Results: 	[[0.7308, 0.7305, 0.7332, 0.7338, 0.7352, 0.7119, 0.3996, 0.7164, 0.742, 0.7414], [0.7973, 0.793, 0.7942, 0.7986, 0.3646, 0.7979, 0.793, 0.7543, 0.7719, 0.7804], [0.7812, 0.7984, 0.7872, 0.7823, 0.7735, 0.7669, 0.7872, 0.7225, 0.7841, 0.7825]]
Results: 	[[0.7308, 0.7305, 0.7332, 0.7338, 0.7352, 0.7119, 0.3996, 0.7164, 0.742, 0.7414, 0.7313], [0.7973, 0.793, 0.7942, 0.7986, 0.3646, 0.7979, 0.793, 0.7543, 0.7719, 0.7804, 0.7955], [0.7812, 0.7984, 0.7872, 0.7823, 0.7735, 0.7669, 0.7872, 0.7225, 0.7841, 0.7825, 0.785]]
Results: 	[[0.7308, 0.7305, 0.7332, 0.7338, 0.7352, 0.7119, 0.3996, 0.7164, 0.742, 0.7414, 0.7313, 0.7286], [0.7973, 0.793, 0.7942, 0.7986, 0.3646, 0.7979, 0.793, 0.7543, 0.7719, 0.7804, 0.7955, 0.798], [0.7812, 0.7984, 0.7872, 0.7823, 0.7735, 0.7669, 0.7872, 0.7225, 0.7841, 0.7825, 0.785, 0.7923]]
Results: 	[[0.7308, 0.7305, 0.7332, 0.7338, 0.7352, 0.7119, 0.3996, 0.7164, 0.742, 0.7414, 0.7313, 0.7286, 0.7376], [0.7973, 0.793, 0.7942, 0.7986, 0.3646, 0.7979, 0.793, 0.7543, 0.7719, 0.7804, 0.7955, 0.798, 0.794], [0.7812, 0.7984, 0.7872, 0.7823, 0.7735, 0.7669, 0.7872, 0.7225, 0.7841, 0.7825, 0.785, 0.7923, 0.7785]]
Results: 	[[0.7308, 0.7305, 0.7332, 0.7338, 0.7352, 0.7119, 0.3996, 0.7164, 0.742, 0.7414, 0.7313, 0.7286, 0.7376, 0.7481], [0.7973, 0.793, 0.7942, 0.7986, 0.3646, 0.7979, 0.793, 0.7543, 0.7719, 0.7804, 0.7955, 0.798, 0.794, 0.7879], [0.7812, 0.7984, 0.7872, 0.7823, 0.7735, 0.7669, 0.7872, 0.7225, 0.7841, 0.7825, 0.785, 0.7923, 0.7785, 0.7787]]
Results: 	[[0.7308, 0.7305, 0.7332, 0.7338, 0.7352, 0.7119, 0.3996, 0.7164, 0.742, 0.7414, 0.7313, 0.7286, 0.7376, 0.7481, 0.7248], [0.7973, 0.793, 0.7942, 0.7986, 0.3646, 0.7979, 0.793, 0.7543, 0.7719, 0.7804, 0.7955, 0.798, 0.794, 0.7879, 0.7911], [0.7812, 0.7984, 0.7872, 0.7823, 0.7735, 0.7669, 0.7872, 0.7225, 0.7841, 0.7825, 0.785, 0.7923, 0.7785, 0.7787, 0.7624]]
Results: 	[[0.7308, 0.7305, 0.7332, 0.7338, 0.7352, 0.7119, 0.3996, 0.7164, 0.742, 0.7414, 0.7313, 0.7286, 0.7376, 0.7481, 0.7248, 0.7295], [0.7973, 0.793, 0.7942, 0.7986, 0.3646, 0.7979, 0.793, 0.7543, 0.7719, 0.7804, 0.7955, 0.798, 0.794, 0.7879, 0.7911, 0.7932], [0.7812, 0.7984, 0.7872, 0.7823, 0.7735, 0.7669, 0.7872, 0.7225, 0.7841, 0.7825, 0.785, 0.7923, 0.7785, 0.7787, 0.7624, 0.7808]]
Results: 	[[0.7308, 0.7305, 0.7332, 0.7338, 0.7352, 0.7119, 0.3996, 0.7164, 0.742, 0.7414, 0.7313, 0.7286, 0.7376, 0.7481, 0.7248, 0.7295, 0.7384], [0.7973, 0.793, 0.7942, 0.7986, 0.3646, 0.7979, 0.793, 0.7543, 0.7719, 0.7804, 0.7955, 0.798, 0.794, 0.7879, 0.7911, 0.7932, 0.7875], [0.7812, 0.7984, 0.7872, 0.7823, 0.7735, 0.7669, 0.7872, 0.7225, 0.7841, 0.7825, 0.785, 0.7923, 0.7785, 0.7787, 0.7624, 0.7808, 0.7576]]
Results: 	[[0.7308, 0.7305, 0.7332, 0.7338, 0.7352, 0.7119, 0.3996, 0.7164, 0.742, 0.7414, 0.7313, 0.7286, 0.7376, 0.7481, 0.7248, 0.7295, 0.7384, 0.4046], [0.7973, 0.793, 0.7942, 0.7986, 0.3646, 0.7979, 0.793, 0.7543, 0.7719, 0.7804, 0.7955, 0.798, 0.794, 0.7879, 0.7911, 0.7932, 0.7875, 0.7781], [0.7812, 0.7984, 0.7872, 0.7823, 0.7735, 0.7669, 0.7872, 0.7225, 0.7841, 0.7825, 0.785, 0.7923, 0.7785, 0.7787, 0.7624, 0.7808, 0.7576, 0.7054]]
Results: 	[[0.7308, 0.7305, 0.7332, 0.7338, 0.7352, 0.7119, 0.3996, 0.7164, 0.742, 0.7414, 0.7313, 0.7286, 0.7376, 0.7481, 0.7248, 0.7295, 0.7384, 0.4046, 0.7324], [0.7973, 0.793, 0.7942, 0.7986, 0.3646, 0.7979, 0.793, 0.7543, 0.7719, 0.7804, 0.7955, 0.798, 0.794, 0.7879, 0.7911, 0.7932, 0.7875, 0.7781, 0.7942], [0.7812, 0.7984, 0.7872, 0.7823, 0.7735, 0.7669, 0.7872, 0.7225, 0.7841, 0.7825, 0.785, 0.7923, 0.7785, 0.7787, 0.7624, 0.7808, 0.7576, 0.7054, 0.7693]]
Results: 	[[0.7308, 0.7305, 0.7332, 0.7338, 0.7352, 0.7119, 0.3996, 0.7164, 0.742, 0.7414, 0.7313, 0.7286, 0.7376, 0.7481, 0.7248, 0.7295, 0.7384, 0.4046, 0.7324, 0.7304], [0.7973, 0.793, 0.7942, 0.7986, 0.3646, 0.7979, 0.793, 0.7543, 0.7719, 0.7804, 0.7955, 0.798, 0.794, 0.7879, 0.7911, 0.7932, 0.7875, 0.7781, 0.7942, 0.7946], [0.7812, 0.7984, 0.7872, 0.7823, 0.7735, 0.7669, 0.7872, 0.7225, 0.7841, 0.7825, 0.785, 0.7923, 0.7785, 0.7787, 0.7624, 0.7808, 0.7576, 0.7054, 0.7693, 0.7273]]
Results: 	[[0.7308, 0.7305, 0.7332, 0.7338, 0.7352, 0.7119, 0.3996, 0.7164, 0.742, 0.7414, 0.7313, 0.7286, 0.7376, 0.7481, 0.7248, 0.7295, 0.7384, 0.4046, 0.7324, 0.7304, 0.7406], [0.7973, 0.793, 0.7942, 0.7986, 0.3646, 0.7979, 0.793, 0.7543, 0.7719, 0.7804, 0.7955, 0.798, 0.794, 0.7879, 0.7911, 0.7932, 0.7875, 0.7781, 0.7942, 0.7946, 0.7921], [0.7812, 0.7984, 0.7872, 0.7823, 0.7735, 0.7669, 0.7872, 0.7225, 0.7841, 0.7825, 0.785, 0.7923, 0.7785, 0.7787, 0.7624, 0.7808, 0.7576, 0.7054, 0.7693, 0.7273, 0.7705]]
Results: 	[[0.7308, 0.7305, 0.7332, 0.7338, 0.7352, 0.7119, 0.3996, 0.7164, 0.742, 0.7414, 0.7313, 0.7286, 0.7376, 0.7481, 0.7248, 0.7295, 0.7384, 0.4046, 0.7324, 0.7304, 0.7406, 0.7244], [0.7973, 0.793, 0.7942, 0.7986, 0.3646, 0.7979, 0.793, 0.7543, 0.7719, 0.7804, 0.7955, 0.798, 0.794, 0.7879, 0.7911, 0.7932, 0.7875, 0.7781, 0.7942, 0.7946, 0.7921, 0.795], [0.7812, 0.7984, 0.7872, 0.7823, 0.7735, 0.7669, 0.7872, 0.7225, 0.7841, 0.7825, 0.785, 0.7923, 0.7785, 0.7787, 0.7624, 0.7808, 0.7576, 0.7054, 0.7693, 0.7273, 0.7705, 0.7903]]
Results: 	[[0.7308, 0.7305, 0.7332, 0.7338, 0.7352, 0.7119, 0.3996, 0.7164, 0.742, 0.7414, 0.7313, 0.7286, 0.7376, 0.7481, 0.7248, 0.7295, 0.7384, 0.4046, 0.7324, 0.7304, 0.7406, 0.7244, 0.7384], [0.7973, 0.793, 0.7942, 0.7986, 0.3646, 0.7979, 0.793, 0.7543, 0.7719, 0.7804, 0.7955, 0.798, 0.794, 0.7879, 0.7911, 0.7932, 0.7875, 0.7781, 0.7942, 0.7946, 0.7921, 0.795, 0.771], [0.7812, 0.7984, 0.7872, 0.7823, 0.7735, 0.7669, 0.7872, 0.7225, 0.7841, 0.7825, 0.785, 0.7923, 0.7785, 0.7787, 0.7624, 0.7808, 0.7576, 0.7054, 0.7693, 0.7273, 0.7705, 0.7903, 0.786]]
Results: 	[[0.7308, 0.7305, 0.7332, 0.7338, 0.7352, 0.7119, 0.3996, 0.7164, 0.742, 0.7414, 0.7313, 0.7286, 0.7376, 0.7481, 0.7248, 0.7295, 0.7384, 0.4046, 0.7324, 0.7304, 0.7406, 0.7244, 0.7384, 0.7515], [0.7973, 0.793, 0.7942, 0.7986, 0.3646, 0.7979, 0.793, 0.7543, 0.7719, 0.7804, 0.7955, 0.798, 0.794, 0.7879, 0.7911, 0.7932, 0.7875, 0.7781, 0.7942, 0.7946, 0.7921, 0.795, 0.771, 0.79], [0.7812, 0.7984, 0.7872, 0.7823, 0.7735, 0.7669, 0.7872, 0.7225, 0.7841, 0.7825, 0.785, 0.7923, 0.7785, 0.7787, 0.7624, 0.7808, 0.7576, 0.7054, 0.7693, 0.7273, 0.7705, 0.7903, 0.786, 0.7921]]
Results: 	[[0.7308, 0.7305, 0.7332, 0.7338, 0.7352, 0.7119, 0.3996, 0.7164, 0.742, 0.7414, 0.7313, 0.7286, 0.7376, 0.7481, 0.7248, 0.7295, 0.7384, 0.4046, 0.7324, 0.7304, 0.7406, 0.7244, 0.7384, 0.7515, 0.4345], [0.7973, 0.793, 0.7942, 0.7986, 0.3646, 0.7979, 0.793, 0.7543, 0.7719, 0.7804, 0.7955, 0.798, 0.794, 0.7879, 0.7911, 0.7932, 0.7875, 0.7781, 0.7942, 0.7946, 0.7921, 0.795, 0.771, 0.79, 0.7899], [0.7812, 0.7984, 0.7872, 0.7823, 0.7735, 0.7669, 0.7872, 0.7225, 0.7841, 0.7825, 0.785, 0.7923, 0.7785, 0.7787, 0.7624, 0.7808, 0.7576, 0.7054, 0.7693, 0.7273, 0.7705, 0.7903, 0.786, 0.7921, 0.7751]]
Results: 	[[0.7308, 0.7305, 0.7332, 0.7338, 0.7352, 0.7119, 0.3996, 0.7164, 0.742, 0.7414, 0.7313, 0.7286, 0.7376, 0.7481, 0.7248, 0.7295, 0.7384, 0.4046, 0.7324, 0.7304, 0.7406, 0.7244, 0.7384, 0.7515, 0.4345, 0.7364], [0.7973, 0.793, 0.7942, 0.7986, 0.3646, 0.7979, 0.793, 0.7543, 0.7719, 0.7804, 0.7955, 0.798, 0.794, 0.7879, 0.7911, 0.7932, 0.7875, 0.7781, 0.7942, 0.7946, 0.7921, 0.795, 0.771, 0.79, 0.7899, 0.7976], [0.7812, 0.7984, 0.7872, 0.7823, 0.7735, 0.7669, 0.7872, 0.7225, 0.7841, 0.7825, 0.785, 0.7923, 0.7785, 0.7787, 0.7624, 0.7808, 0.7576, 0.7054, 0.7693, 0.7273, 0.7705, 0.7903, 0.786, 0.7921, 0.7751, 0.7797]]
Results: 	[[0.7308, 0.7305, 0.7332, 0.7338, 0.7352, 0.7119, 0.3996, 0.7164, 0.742, 0.7414, 0.7313, 0.7286, 0.7376, 0.7481, 0.7248, 0.7295, 0.7384, 0.4046, 0.7324, 0.7304, 0.7406, 0.7244, 0.7384, 0.7515, 0.4345, 0.7364, 0.7444], [0.7973, 0.793, 0.7942, 0.7986, 0.3646, 0.7979, 0.793, 0.7543, 0.7719, 0.7804, 0.7955, 0.798, 0.794, 0.7879, 0.7911, 0.7932, 0.7875, 0.7781, 0.7942, 0.7946, 0.7921, 0.795, 0.771, 0.79, 0.7899, 0.7976, 0.7931], [0.7812, 0.7984, 0.7872, 0.7823, 0.7735, 0.7669, 0.7872, 0.7225, 0.7841, 0.7825, 0.785, 0.7923, 0.7785, 0.7787, 0.7624, 0.7808, 0.7576, 0.7054, 0.7693, 0.7273, 0.7705, 0.7903, 0.786, 0.7921, 0.7751, 0.7797, 0.7796]]
Results: 	[[0.7308, 0.7305, 0.7332, 0.7338, 0.7352, 0.7119, 0.3996, 0.7164, 0.742, 0.7414, 0.7313, 0.7286, 0.7376, 0.7481, 0.7248, 0.7295, 0.7384, 0.4046, 0.7324, 0.7304, 0.7406, 0.7244, 0.7384, 0.7515, 0.4345, 0.7364, 0.7444, 0.7232], [0.7973, 0.793, 0.7942, 0.7986, 0.3646, 0.7979, 0.793, 0.7543, 0.7719, 0.7804, 0.7955, 0.798, 0.794, 0.7879, 0.7911, 0.7932, 0.7875, 0.7781, 0.7942, 0.7946, 0.7921, 0.795, 0.771, 0.79, 0.7899, 0.7976, 0.7931, 0.7967], [0.7812, 0.7984, 0.7872, 0.7823, 0.7735, 0.7669, 0.7872, 0.7225, 0.7841, 0.7825, 0.785, 0.7923, 0.7785, 0.7787, 0.7624, 0.7808, 0.7576, 0.7054, 0.7693, 0.7273, 0.7705, 0.7903, 0.786, 0.7921, 0.7751, 0.7797, 0.7796, 0.7922]]
Results: 	[[0.7308, 0.7305, 0.7332, 0.7338, 0.7352, 0.7119, 0.3996, 0.7164, 0.742, 0.7414, 0.7313, 0.7286, 0.7376, 0.7481, 0.7248, 0.7295, 0.7384, 0.4046, 0.7324, 0.7304, 0.7406, 0.7244, 0.7384, 0.7515, 0.4345, 0.7364, 0.7444, 0.7232, 0.7257], [0.7973, 0.793, 0.7942, 0.7986, 0.3646, 0.7979, 0.793, 0.7543, 0.7719, 0.7804, 0.7955, 0.798, 0.794, 0.7879, 0.7911, 0.7932, 0.7875, 0.7781, 0.7942, 0.7946, 0.7921, 0.795, 0.771, 0.79, 0.7899, 0.7976, 0.7931, 0.7967, 0.785], [0.7812, 0.7984, 0.7872, 0.7823, 0.7735, 0.7669, 0.7872, 0.7225, 0.7841, 0.7825, 0.785, 0.7923, 0.7785, 0.7787, 0.7624, 0.7808, 0.7576, 0.7054, 0.7693, 0.7273, 0.7705, 0.7903, 0.786, 0.7921, 0.7751, 0.7797, 0.7796, 0.7922, 0.7799]]
Results: 	[[0.7308, 0.7305, 0.7332, 0.7338, 0.7352, 0.7119, 0.3996, 0.7164, 0.742, 0.7414, 0.7313, 0.7286, 0.7376, 0.7481, 0.7248, 0.7295, 0.7384, 0.4046, 0.7324, 0.7304, 0.7406, 0.7244, 0.7384, 0.7515, 0.4345, 0.7364, 0.7444, 0.7232, 0.7257, 0.7281], [0.7973, 0.793, 0.7942, 0.7986, 0.3646, 0.7979, 0.793, 0.7543, 0.7719, 0.7804, 0.7955, 0.798, 0.794, 0.7879, 0.7911, 0.7932, 0.7875, 0.7781, 0.7942, 0.7946, 0.7921, 0.795, 0.771, 0.79, 0.7899, 0.7976, 0.7931, 0.7967, 0.785, 0.7927], [0.7812, 0.7984, 0.7872, 0.7823, 0.7735, 0.7669, 0.7872, 0.7225, 0.7841, 0.7825, 0.785, 0.7923, 0.7785, 0.7787, 0.7624, 0.7808, 0.7576, 0.7054, 0.7693, 0.7273, 0.7705, 0.7903, 0.786, 0.7921, 0.7751, 0.7797, 0.7796, 0.7922, 0.7799, 0.7796]]

-----------------------------------------------------------------
Task                                            Acc         F1      AUROC  (mean±std)
-----------------------------------------------------------------
SR-HSE                                   0.6414±0.0645  0.1720±0.0341  0.7009±0.0965
SR-MMP                                   0.6768±0.0765  0.4239±0.0459  0.7754±0.0769
SR-p53                                   0.6420±0.0880  0.2113±0.0256  0.7743±0.0208

OVERALL AVERAGE                          0.6534              0.2691              0.7502
-----------------------------------------------------------------
