
=================================================================
Variant : GINEConv-only  |  10-shot
Dataset : sider  |  K_shot=10
Tasks   : ['Renal and urinary disorders', 'Pregnancy, puerperium and perinatal conditions', 'Ear and labyrinth disorders', 'Cardiac disorders', 'Nervous system disorders', 'Injury, poisoning and procedural complications']
=================================================================
Results: 	[[0.6648], [0.4803], [0.6265], [0.6433], [0.7686], [0.6345]]
Results: 	[[0.6648, 0.6695], [0.4803, 0.5574], [0.6265, 0.6267], [0.6433, 0.6499], [0.7686, 0.7574], [0.6345, 0.635]]
Results: 	[[0.6648, 0.6695, 0.6701], [0.4803, 0.5574, 0.4647], [0.6265, 0.6267, 0.6226], [0.6433, 0.6499, 0.3497], [0.7686, 0.7574, 0.7669], [0.6345, 0.635, 0.5656]]
Results: 	[[0.6648, 0.6695, 0.6701, 0.3377], [0.4803, 0.5574, 0.4647, 0.5675], [0.6265, 0.6267, 0.6226, 0.6272], [0.6433, 0.6499, 0.3497, 0.6409], [0.7686, 0.7574, 0.7669, 0.766], [0.6345, 0.635, 0.5656, 0.6321]]
Results: 	[[0.6648, 0.6695, 0.6701, 0.3377, 0.6733], [0.4803, 0.5574, 0.4647, 0.5675, 0.4693], [0.6265, 0.6267, 0.6226, 0.6272, 0.6208], [0.6433, 0.6499, 0.3497, 0.6409, 0.6427], [0.7686, 0.7574, 0.7669, 0.766, 0.7729], [0.6345, 0.635, 0.5656, 0.6321, 0.634]]
Results: 	[[0.6648, 0.6695, 0.6701, 0.3377, 0.6733, 0.6725], [0.4803, 0.5574, 0.4647, 0.5675, 0.4693, 0.5516], [0.6265, 0.6267, 0.6226, 0.6272, 0.6208, 0.6249], [0.6433, 0.6499, 0.3497, 0.6409, 0.6427, 0.65], [0.7686, 0.7574, 0.7669, 0.766, 0.7729, 0.7762], [0.6345, 0.635, 0.5656, 0.6321, 0.634, 0.6322]]
Results: 	[[0.6648, 0.6695, 0.6701, 0.3377, 0.6733, 0.6725, 0.6734], [0.4803, 0.5574, 0.4647, 0.5675, 0.4693, 0.5516, 0.5438], [0.6265, 0.6267, 0.6226, 0.6272, 0.6208, 0.6249, 0.6245], [0.6433, 0.6499, 0.3497, 0.6409, 0.6427, 0.65, 0.6357], [0.7686, 0.7574, 0.7669, 0.766, 0.7729, 0.7762, 0.7852], [0.6345, 0.635, 0.5656, 0.6321, 0.634, 0.6322, 0.3852]]
Results: 	[[0.6648, 0.6695, 0.6701, 0.3377, 0.6733, 0.6725, 0.6734, 0.6753], [0.4803, 0.5574, 0.4647, 0.5675, 0.4693, 0.5516, 0.5438, 0.5565], [0.6265, 0.6267, 0.6226, 0.6272, 0.6208, 0.6249, 0.6245, 0.622], [0.6433, 0.6499, 0.3497, 0.6409, 0.6427, 0.65, 0.6357, 0.6305], [0.7686, 0.7574, 0.7669, 0.766, 0.7729, 0.7762, 0.7852, 0.7786], [0.6345, 0.635, 0.5656, 0.6321, 0.634, 0.6322, 0.3852, 0.6306]]
Results: 	[[0.6648, 0.6695, 0.6701, 0.3377, 0.6733, 0.6725, 0.6734, 0.6753, 0.6709], [0.4803, 0.5574, 0.4647, 0.5675, 0.4693, 0.5516, 0.5438, 0.5565, 0.5761], [0.6265, 0.6267, 0.6226, 0.6272, 0.6208, 0.6249, 0.6245, 0.622, 0.6271], [0.6433, 0.6499, 0.3497, 0.6409, 0.6427, 0.65, 0.6357, 0.6305, 0.4672], [0.7686, 0.7574, 0.7669, 0.766, 0.7729, 0.7762, 0.7852, 0.7786, 0.7661], [0.6345, 0.635, 0.5656, 0.6321, 0.634, 0.6322, 0.3852, 0.6306, 0.6307]]
Results: 	[[0.6648, 0.6695, 0.6701, 0.3377, 0.6733, 0.6725, 0.6734, 0.6753, 0.6709, 0.3234], [0.4803, 0.5574, 0.4647, 0.5675, 0.4693, 0.5516, 0.5438, 0.5565, 0.5761, 0.5706], [0.6265, 0.6267, 0.6226, 0.6272, 0.6208, 0.6249, 0.6245, 0.622, 0.6271, 0.618], [0.6433, 0.6499, 0.3497, 0.6409, 0.6427, 0.65, 0.6357, 0.6305, 0.4672, 0.6371], [0.7686, 0.7574, 0.7669, 0.766, 0.7729, 0.7762, 0.7852, 0.7786, 0.7661, 0.7713], [0.6345, 0.635, 0.5656, 0.6321, 0.634, 0.6322, 0.3852, 0.6306, 0.6307, 0.6314]]
Results: 	[[0.6648, 0.6695, 0.6701, 0.3377, 0.6733, 0.6725, 0.6734, 0.6753, 0.6709, 0.3234, 0.6725], [0.4803, 0.5574, 0.4647, 0.5675, 0.4693, 0.5516, 0.5438, 0.5565, 0.5761, 0.5706, 0.468], [0.6265, 0.6267, 0.6226, 0.6272, 0.6208, 0.6249, 0.6245, 0.622, 0.6271, 0.618, 0.6097], [0.6433, 0.6499, 0.3497, 0.6409, 0.6427, 0.65, 0.6357, 0.6305, 0.4672, 0.6371, 0.4783], [0.7686, 0.7574, 0.7669, 0.766, 0.7729, 0.7762, 0.7852, 0.7786, 0.7661, 0.7713, 0.7653], [0.6345, 0.635, 0.5656, 0.6321, 0.634, 0.6322, 0.3852, 0.6306, 0.6307, 0.6314, 0.6323]]
Results: 	[[0.6648, 0.6695, 0.6701, 0.3377, 0.6733, 0.6725, 0.6734, 0.6753, 0.6709, 0.3234, 0.6725, 0.6755], [0.4803, 0.5574, 0.4647, 0.5675, 0.4693, 0.5516, 0.5438, 0.5565, 0.5761, 0.5706, 0.468, 0.4736], [0.6265, 0.6267, 0.6226, 0.6272, 0.6208, 0.6249, 0.6245, 0.622, 0.6271, 0.618, 0.6097, 0.634], [0.6433, 0.6499, 0.3497, 0.6409, 0.6427, 0.65, 0.6357, 0.6305, 0.4672, 0.6371, 0.4783, 0.6388], [0.7686, 0.7574, 0.7669, 0.766, 0.7729, 0.7762, 0.7852, 0.7786, 0.7661, 0.7713, 0.7653, 0.7703], [0.6345, 0.635, 0.5656, 0.6321, 0.634, 0.6322, 0.3852, 0.6306, 0.6307, 0.6314, 0.6323, 0.6316]]
Results: 	[[0.6648, 0.6695, 0.6701, 0.3377, 0.6733, 0.6725, 0.6734, 0.6753, 0.6709, 0.3234, 0.6725, 0.6755, 0.6758], [0.4803, 0.5574, 0.4647, 0.5675, 0.4693, 0.5516, 0.5438, 0.5565, 0.5761, 0.5706, 0.468, 0.4736, 0.5486], [0.6265, 0.6267, 0.6226, 0.6272, 0.6208, 0.6249, 0.6245, 0.622, 0.6271, 0.618, 0.6097, 0.634, 0.5982], [0.6433, 0.6499, 0.3497, 0.6409, 0.6427, 0.65, 0.6357, 0.6305, 0.4672, 0.6371, 0.4783, 0.6388, 0.6406], [0.7686, 0.7574, 0.7669, 0.766, 0.7729, 0.7762, 0.7852, 0.7786, 0.7661, 0.7713, 0.7653, 0.7703, 0.7595], [0.6345, 0.635, 0.5656, 0.6321, 0.634, 0.6322, 0.3852, 0.6306, 0.6307, 0.6314, 0.6323, 0.6316, 0.6328]]
Results: 	[[0.6648, 0.6695, 0.6701, 0.3377, 0.6733, 0.6725, 0.6734, 0.6753, 0.6709, 0.3234, 0.6725, 0.6755, 0.6758, 0.6718], [0.4803, 0.5574, 0.4647, 0.5675, 0.4693, 0.5516, 0.5438, 0.5565, 0.5761, 0.5706, 0.468, 0.4736, 0.5486, 0.5835], [0.6265, 0.6267, 0.6226, 0.6272, 0.6208, 0.6249, 0.6245, 0.622, 0.6271, 0.618, 0.6097, 0.634, 0.5982, 0.3781], [0.6433, 0.6499, 0.3497, 0.6409, 0.6427, 0.65, 0.6357, 0.6305, 0.4672, 0.6371, 0.4783, 0.6388, 0.6406, 0.6407], [0.7686, 0.7574, 0.7669, 0.766, 0.7729, 0.7762, 0.7852, 0.7786, 0.7661, 0.7713, 0.7653, 0.7703, 0.7595, 0.7743], [0.6345, 0.635, 0.5656, 0.6321, 0.634, 0.6322, 0.3852, 0.6306, 0.6307, 0.6314, 0.6323, 0.6316, 0.6328, 0.3682]]
Results: 	[[0.6648, 0.6695, 0.6701, 0.3377, 0.6733, 0.6725, 0.6734, 0.6753, 0.6709, 0.3234, 0.6725, 0.6755, 0.6758, 0.6718, 0.6703], [0.4803, 0.5574, 0.4647, 0.5675, 0.4693, 0.5516, 0.5438, 0.5565, 0.5761, 0.5706, 0.468, 0.4736, 0.5486, 0.5835, 0.5781], [0.6265, 0.6267, 0.6226, 0.6272, 0.6208, 0.6249, 0.6245, 0.622, 0.6271, 0.618, 0.6097, 0.634, 0.5982, 0.3781, 0.6216], [0.6433, 0.6499, 0.3497, 0.6409, 0.6427, 0.65, 0.6357, 0.6305, 0.4672, 0.6371, 0.4783, 0.6388, 0.6406, 0.6407, 0.6353], [0.7686, 0.7574, 0.7669, 0.766, 0.7729, 0.7762, 0.7852, 0.7786, 0.7661, 0.7713, 0.7653, 0.7703, 0.7595, 0.7743, 0.7691], [0.6345, 0.635, 0.5656, 0.6321, 0.634, 0.6322, 0.3852, 0.6306, 0.6307, 0.6314, 0.6323, 0.6316, 0.6328, 0.3682, 0.5746]]
Results: 	[[0.6648, 0.6695, 0.6701, 0.3377, 0.6733, 0.6725, 0.6734, 0.6753, 0.6709, 0.3234, 0.6725, 0.6755, 0.6758, 0.6718, 0.6703, 0.6709], [0.4803, 0.5574, 0.4647, 0.5675, 0.4693, 0.5516, 0.5438, 0.5565, 0.5761, 0.5706, 0.468, 0.4736, 0.5486, 0.5835, 0.5781, 0.5631], [0.6265, 0.6267, 0.6226, 0.6272, 0.6208, 0.6249, 0.6245, 0.622, 0.6271, 0.618, 0.6097, 0.634, 0.5982, 0.3781, 0.6216, 0.6245], [0.6433, 0.6499, 0.3497, 0.6409, 0.6427, 0.65, 0.6357, 0.6305, 0.4672, 0.6371, 0.4783, 0.6388, 0.6406, 0.6407, 0.6353, 0.3606], [0.7686, 0.7574, 0.7669, 0.766, 0.7729, 0.7762, 0.7852, 0.7786, 0.7661, 0.7713, 0.7653, 0.7703, 0.7595, 0.7743, 0.7691, 0.7658], [0.6345, 0.635, 0.5656, 0.6321, 0.634, 0.6322, 0.3852, 0.6306, 0.6307, 0.6314, 0.6323, 0.6316, 0.6328, 0.3682, 0.5746, 0.6389]]
Results: 	[[0.6648, 0.6695, 0.6701, 0.3377, 0.6733, 0.6725, 0.6734, 0.6753, 0.6709, 0.3234, 0.6725, 0.6755, 0.6758, 0.6718, 0.6703, 0.6709, 0.674], [0.4803, 0.5574, 0.4647, 0.5675, 0.4693, 0.5516, 0.5438, 0.5565, 0.5761, 0.5706, 0.468, 0.4736, 0.5486, 0.5835, 0.5781, 0.5631, 0.525], [0.6265, 0.6267, 0.6226, 0.6272, 0.6208, 0.6249, 0.6245, 0.622, 0.6271, 0.618, 0.6097, 0.634, 0.5982, 0.3781, 0.6216, 0.6245, 0.6327], [0.6433, 0.6499, 0.3497, 0.6409, 0.6427, 0.65, 0.6357, 0.6305, 0.4672, 0.6371, 0.4783, 0.6388, 0.6406, 0.6407, 0.6353, 0.3606, 0.6389], [0.7686, 0.7574, 0.7669, 0.766, 0.7729, 0.7762, 0.7852, 0.7786, 0.7661, 0.7713, 0.7653, 0.7703, 0.7595, 0.7743, 0.7691, 0.7658, 0.7755], [0.6345, 0.635, 0.5656, 0.6321, 0.634, 0.6322, 0.3852, 0.6306, 0.6307, 0.6314, 0.6323, 0.6316, 0.6328, 0.3682, 0.5746, 0.6389, 0.3768]]
Results: 	[[0.6648, 0.6695, 0.6701, 0.3377, 0.6733, 0.6725, 0.6734, 0.6753, 0.6709, 0.3234, 0.6725, 0.6755, 0.6758, 0.6718, 0.6703, 0.6709, 0.674, 0.6688], [0.4803, 0.5574, 0.4647, 0.5675, 0.4693, 0.5516, 0.5438, 0.5565, 0.5761, 0.5706, 0.468, 0.4736, 0.5486, 0.5835, 0.5781, 0.5631, 0.525, 0.566], [0.6265, 0.6267, 0.6226, 0.6272, 0.6208, 0.6249, 0.6245, 0.622, 0.6271, 0.618, 0.6097, 0.634, 0.5982, 0.3781, 0.6216, 0.6245, 0.6327, 0.6287], [0.6433, 0.6499, 0.3497, 0.6409, 0.6427, 0.65, 0.6357, 0.6305, 0.4672, 0.6371, 0.4783, 0.6388, 0.6406, 0.6407, 0.6353, 0.3606, 0.6389, 0.646], [0.7686, 0.7574, 0.7669, 0.766, 0.7729, 0.7762, 0.7852, 0.7786, 0.7661, 0.7713, 0.7653, 0.7703, 0.7595, 0.7743, 0.7691, 0.7658, 0.7755, 0.7647], [0.6345, 0.635, 0.5656, 0.6321, 0.634, 0.6322, 0.3852, 0.6306, 0.6307, 0.6314, 0.6323, 0.6316, 0.6328, 0.3682, 0.5746, 0.6389, 0.3768, 0.6302]]
Results: 	[[0.6648, 0.6695, 0.6701, 0.3377, 0.6733, 0.6725, 0.6734, 0.6753, 0.6709, 0.3234, 0.6725, 0.6755, 0.6758, 0.6718, 0.6703, 0.6709, 0.674, 0.6688, 0.6689], [0.4803, 0.5574, 0.4647, 0.5675, 0.4693, 0.5516, 0.5438, 0.5565, 0.5761, 0.5706, 0.468, 0.4736, 0.5486, 0.5835, 0.5781, 0.5631, 0.525, 0.566, 0.5473], [0.6265, 0.6267, 0.6226, 0.6272, 0.6208, 0.6249, 0.6245, 0.622, 0.6271, 0.618, 0.6097, 0.634, 0.5982, 0.3781, 0.6216, 0.6245, 0.6327, 0.6287, 0.6279], [0.6433, 0.6499, 0.3497, 0.6409, 0.6427, 0.65, 0.6357, 0.6305, 0.4672, 0.6371, 0.4783, 0.6388, 0.6406, 0.6407, 0.6353, 0.3606, 0.6389, 0.646, 0.6358], [0.7686, 0.7574, 0.7669, 0.766, 0.7729, 0.7762, 0.7852, 0.7786, 0.7661, 0.7713, 0.7653, 0.7703, 0.7595, 0.7743, 0.7691, 0.7658, 0.7755, 0.7647, 0.7673], [0.6345, 0.635, 0.5656, 0.6321, 0.634, 0.6322, 0.3852, 0.6306, 0.6307, 0.6314, 0.6323, 0.6316, 0.6328, 0.3682, 0.5746, 0.6389, 0.3768, 0.6302, 0.3574]]
Results: 	[[0.6648, 0.6695, 0.6701, 0.3377, 0.6733, 0.6725, 0.6734, 0.6753, 0.6709, 0.3234, 0.6725, 0.6755, 0.6758, 0.6718, 0.6703, 0.6709, 0.674, 0.6688, 0.6689, 0.5191], [0.4803, 0.5574, 0.4647, 0.5675, 0.4693, 0.5516, 0.5438, 0.5565, 0.5761, 0.5706, 0.468, 0.4736, 0.5486, 0.5835, 0.5781, 0.5631, 0.525, 0.566, 0.5473, 0.413], [0.6265, 0.6267, 0.6226, 0.6272, 0.6208, 0.6249, 0.6245, 0.622, 0.6271, 0.618, 0.6097, 0.634, 0.5982, 0.3781, 0.6216, 0.6245, 0.6327, 0.6287, 0.6279, 0.623], [0.6433, 0.6499, 0.3497, 0.6409, 0.6427, 0.65, 0.6357, 0.6305, 0.4672, 0.6371, 0.4783, 0.6388, 0.6406, 0.6407, 0.6353, 0.3606, 0.6389, 0.646, 0.6358, 0.65], [0.7686, 0.7574, 0.7669, 0.766, 0.7729, 0.7762, 0.7852, 0.7786, 0.7661, 0.7713, 0.7653, 0.7703, 0.7595, 0.7743, 0.7691, 0.7658, 0.7755, 0.7647, 0.7673, 0.7634], [0.6345, 0.635, 0.5656, 0.6321, 0.634, 0.6322, 0.3852, 0.6306, 0.6307, 0.6314, 0.6323, 0.6316, 0.6328, 0.3682, 0.5746, 0.6389, 0.3768, 0.6302, 0.3574, 0.6234]]
Results: 	[[0.6648, 0.6695, 0.6701, 0.3377, 0.6733, 0.6725, 0.6734, 0.6753, 0.6709, 0.3234, 0.6725, 0.6755, 0.6758, 0.6718, 0.6703, 0.6709, 0.674, 0.6688, 0.6689, 0.5191, 0.6705], [0.4803, 0.5574, 0.4647, 0.5675, 0.4693, 0.5516, 0.5438, 0.5565, 0.5761, 0.5706, 0.468, 0.4736, 0.5486, 0.5835, 0.5781, 0.5631, 0.525, 0.566, 0.5473, 0.413, 0.5658], [0.6265, 0.6267, 0.6226, 0.6272, 0.6208, 0.6249, 0.6245, 0.622, 0.6271, 0.618, 0.6097, 0.634, 0.5982, 0.3781, 0.6216, 0.6245, 0.6327, 0.6287, 0.6279, 0.623, 0.6235], [0.6433, 0.6499, 0.3497, 0.6409, 0.6427, 0.65, 0.6357, 0.6305, 0.4672, 0.6371, 0.4783, 0.6388, 0.6406, 0.6407, 0.6353, 0.3606, 0.6389, 0.646, 0.6358, 0.65, 0.6403], [0.7686, 0.7574, 0.7669, 0.766, 0.7729, 0.7762, 0.7852, 0.7786, 0.7661, 0.7713, 0.7653, 0.7703, 0.7595, 0.7743, 0.7691, 0.7658, 0.7755, 0.7647, 0.7673, 0.7634, 0.7723], [0.6345, 0.635, 0.5656, 0.6321, 0.634, 0.6322, 0.3852, 0.6306, 0.6307, 0.6314, 0.6323, 0.6316, 0.6328, 0.3682, 0.5746, 0.6389, 0.3768, 0.6302, 0.3574, 0.6234, 0.6338]]
Results: 	[[0.6648, 0.6695, 0.6701, 0.3377, 0.6733, 0.6725, 0.6734, 0.6753, 0.6709, 0.3234, 0.6725, 0.6755, 0.6758, 0.6718, 0.6703, 0.6709, 0.674, 0.6688, 0.6689, 0.5191, 0.6705, 0.6714], [0.4803, 0.5574, 0.4647, 0.5675, 0.4693, 0.5516, 0.5438, 0.5565, 0.5761, 0.5706, 0.468, 0.4736, 0.5486, 0.5835, 0.5781, 0.5631, 0.525, 0.566, 0.5473, 0.413, 0.5658, 0.4286], [0.6265, 0.6267, 0.6226, 0.6272, 0.6208, 0.6249, 0.6245, 0.622, 0.6271, 0.618, 0.6097, 0.634, 0.5982, 0.3781, 0.6216, 0.6245, 0.6327, 0.6287, 0.6279, 0.623, 0.6235, 0.6263], [0.6433, 0.6499, 0.3497, 0.6409, 0.6427, 0.65, 0.6357, 0.6305, 0.4672, 0.6371, 0.4783, 0.6388, 0.6406, 0.6407, 0.6353, 0.3606, 0.6389, 0.646, 0.6358, 0.65, 0.6403, 0.6412], [0.7686, 0.7574, 0.7669, 0.766, 0.7729, 0.7762, 0.7852, 0.7786, 0.7661, 0.7713, 0.7653, 0.7703, 0.7595, 0.7743, 0.7691, 0.7658, 0.7755, 0.7647, 0.7673, 0.7634, 0.7723, 0.7571], [0.6345, 0.635, 0.5656, 0.6321, 0.634, 0.6322, 0.3852, 0.6306, 0.6307, 0.6314, 0.6323, 0.6316, 0.6328, 0.3682, 0.5746, 0.6389, 0.3768, 0.6302, 0.3574, 0.6234, 0.6338, 0.6332]]
Results: 	[[0.6648, 0.6695, 0.6701, 0.3377, 0.6733, 0.6725, 0.6734, 0.6753, 0.6709, 0.3234, 0.6725, 0.6755, 0.6758, 0.6718, 0.6703, 0.6709, 0.674, 0.6688, 0.6689, 0.5191, 0.6705, 0.6714, 0.6697], [0.4803, 0.5574, 0.4647, 0.5675, 0.4693, 0.5516, 0.5438, 0.5565, 0.5761, 0.5706, 0.468, 0.4736, 0.5486, 0.5835, 0.5781, 0.5631, 0.525, 0.566, 0.5473, 0.413, 0.5658, 0.4286, 0.5724], [0.6265, 0.6267, 0.6226, 0.6272, 0.6208, 0.6249, 0.6245, 0.622, 0.6271, 0.618, 0.6097, 0.634, 0.5982, 0.3781, 0.6216, 0.6245, 0.6327, 0.6287, 0.6279, 0.623, 0.6235, 0.6263, 0.6252], [0.6433, 0.6499, 0.3497, 0.6409, 0.6427, 0.65, 0.6357, 0.6305, 0.4672, 0.6371, 0.4783, 0.6388, 0.6406, 0.6407, 0.6353, 0.3606, 0.6389, 0.646, 0.6358, 0.65, 0.6403, 0.6412, 0.6402], [0.7686, 0.7574, 0.7669, 0.766, 0.7729, 0.7762, 0.7852, 0.7786, 0.7661, 0.7713, 0.7653, 0.7703, 0.7595, 0.7743, 0.7691, 0.7658, 0.7755, 0.7647, 0.7673, 0.7634, 0.7723, 0.7571, 0.7722], [0.6345, 0.635, 0.5656, 0.6321, 0.634, 0.6322, 0.3852, 0.6306, 0.6307, 0.6314, 0.6323, 0.6316, 0.6328, 0.3682, 0.5746, 0.6389, 0.3768, 0.6302, 0.3574, 0.6234, 0.6338, 0.6332, 0.6289]]
Results: 	[[0.6648, 0.6695, 0.6701, 0.3377, 0.6733, 0.6725, 0.6734, 0.6753, 0.6709, 0.3234, 0.6725, 0.6755, 0.6758, 0.6718, 0.6703, 0.6709, 0.674, 0.6688, 0.6689, 0.5191, 0.6705, 0.6714, 0.6697, 0.6735], [0.4803, 0.5574, 0.4647, 0.5675, 0.4693, 0.5516, 0.5438, 0.5565, 0.5761, 0.5706, 0.468, 0.4736, 0.5486, 0.5835, 0.5781, 0.5631, 0.525, 0.566, 0.5473, 0.413, 0.5658, 0.4286, 0.5724, 0.5489], [0.6265, 0.6267, 0.6226, 0.6272, 0.6208, 0.6249, 0.6245, 0.622, 0.6271, 0.618, 0.6097, 0.634, 0.5982, 0.3781, 0.6216, 0.6245, 0.6327, 0.6287, 0.6279, 0.623, 0.6235, 0.6263, 0.6252, 0.6236], [0.6433, 0.6499, 0.3497, 0.6409, 0.6427, 0.65, 0.6357, 0.6305, 0.4672, 0.6371, 0.4783, 0.6388, 0.6406, 0.6407, 0.6353, 0.3606, 0.6389, 0.646, 0.6358, 0.65, 0.6403, 0.6412, 0.6402, 0.6362], [0.7686, 0.7574, 0.7669, 0.766, 0.7729, 0.7762, 0.7852, 0.7786, 0.7661, 0.7713, 0.7653, 0.7703, 0.7595, 0.7743, 0.7691, 0.7658, 0.7755, 0.7647, 0.7673, 0.7634, 0.7723, 0.7571, 0.7722, 0.7707], [0.6345, 0.635, 0.5656, 0.6321, 0.634, 0.6322, 0.3852, 0.6306, 0.6307, 0.6314, 0.6323, 0.6316, 0.6328, 0.3682, 0.5746, 0.6389, 0.3768, 0.6302, 0.3574, 0.6234, 0.6338, 0.6332, 0.6289, 0.6344]]
Results: 	[[0.6648, 0.6695, 0.6701, 0.3377, 0.6733, 0.6725, 0.6734, 0.6753, 0.6709, 0.3234, 0.6725, 0.6755, 0.6758, 0.6718, 0.6703, 0.6709, 0.674, 0.6688, 0.6689, 0.5191, 0.6705, 0.6714, 0.6697, 0.6735, 0.6807], [0.4803, 0.5574, 0.4647, 0.5675, 0.4693, 0.5516, 0.5438, 0.5565, 0.5761, 0.5706, 0.468, 0.4736, 0.5486, 0.5835, 0.5781, 0.5631, 0.525, 0.566, 0.5473, 0.413, 0.5658, 0.4286, 0.5724, 0.5489, 0.4311], [0.6265, 0.6267, 0.6226, 0.6272, 0.6208, 0.6249, 0.6245, 0.622, 0.6271, 0.618, 0.6097, 0.634, 0.5982, 0.3781, 0.6216, 0.6245, 0.6327, 0.6287, 0.6279, 0.623, 0.6235, 0.6263, 0.6252, 0.6236, 0.3716], [0.6433, 0.6499, 0.3497, 0.6409, 0.6427, 0.65, 0.6357, 0.6305, 0.4672, 0.6371, 0.4783, 0.6388, 0.6406, 0.6407, 0.6353, 0.3606, 0.6389, 0.646, 0.6358, 0.65, 0.6403, 0.6412, 0.6402, 0.6362, 0.6476], [0.7686, 0.7574, 0.7669, 0.766, 0.7729, 0.7762, 0.7852, 0.7786, 0.7661, 0.7713, 0.7653, 0.7703, 0.7595, 0.7743, 0.7691, 0.7658, 0.7755, 0.7647, 0.7673, 0.7634, 0.7723, 0.7571, 0.7722, 0.7707, 0.7754], [0.6345, 0.635, 0.5656, 0.6321, 0.634, 0.6322, 0.3852, 0.6306, 0.6307, 0.6314, 0.6323, 0.6316, 0.6328, 0.3682, 0.5746, 0.6389, 0.3768, 0.6302, 0.3574, 0.6234, 0.6338, 0.6332, 0.6289, 0.6344, 0.6318]]
Results: 	[[0.6648, 0.6695, 0.6701, 0.3377, 0.6733, 0.6725, 0.6734, 0.6753, 0.6709, 0.3234, 0.6725, 0.6755, 0.6758, 0.6718, 0.6703, 0.6709, 0.674, 0.6688, 0.6689, 0.5191, 0.6705, 0.6714, 0.6697, 0.6735, 0.6807, 0.6665], [0.4803, 0.5574, 0.4647, 0.5675, 0.4693, 0.5516, 0.5438, 0.5565, 0.5761, 0.5706, 0.468, 0.4736, 0.5486, 0.5835, 0.5781, 0.5631, 0.525, 0.566, 0.5473, 0.413, 0.5658, 0.4286, 0.5724, 0.5489, 0.4311, 0.5627], [0.6265, 0.6267, 0.6226, 0.6272, 0.6208, 0.6249, 0.6245, 0.622, 0.6271, 0.618, 0.6097, 0.634, 0.5982, 0.3781, 0.6216, 0.6245, 0.6327, 0.6287, 0.6279, 0.623, 0.6235, 0.6263, 0.6252, 0.6236, 0.3716, 0.3662], [0.6433, 0.6499, 0.3497, 0.6409, 0.6427, 0.65, 0.6357, 0.6305, 0.4672, 0.6371, 0.4783, 0.6388, 0.6406, 0.6407, 0.6353, 0.3606, 0.6389, 0.646, 0.6358, 0.65, 0.6403, 0.6412, 0.6402, 0.6362, 0.6476, 0.6409], [0.7686, 0.7574, 0.7669, 0.766, 0.7729, 0.7762, 0.7852, 0.7786, 0.7661, 0.7713, 0.7653, 0.7703, 0.7595, 0.7743, 0.7691, 0.7658, 0.7755, 0.7647, 0.7673, 0.7634, 0.7723, 0.7571, 0.7722, 0.7707, 0.7754, 0.7756], [0.6345, 0.635, 0.5656, 0.6321, 0.634, 0.6322, 0.3852, 0.6306, 0.6307, 0.6314, 0.6323, 0.6316, 0.6328, 0.3682, 0.5746, 0.6389, 0.3768, 0.6302, 0.3574, 0.6234, 0.6338, 0.6332, 0.6289, 0.6344, 0.6318, 0.6324]]
Results: 	[[0.6648, 0.6695, 0.6701, 0.3377, 0.6733, 0.6725, 0.6734, 0.6753, 0.6709, 0.3234, 0.6725, 0.6755, 0.6758, 0.6718, 0.6703, 0.6709, 0.674, 0.6688, 0.6689, 0.5191, 0.6705, 0.6714, 0.6697, 0.6735, 0.6807, 0.6665, 0.6694], [0.4803, 0.5574, 0.4647, 0.5675, 0.4693, 0.5516, 0.5438, 0.5565, 0.5761, 0.5706, 0.468, 0.4736, 0.5486, 0.5835, 0.5781, 0.5631, 0.525, 0.566, 0.5473, 0.413, 0.5658, 0.4286, 0.5724, 0.5489, 0.4311, 0.5627, 0.5704], [0.6265, 0.6267, 0.6226, 0.6272, 0.6208, 0.6249, 0.6245, 0.622, 0.6271, 0.618, 0.6097, 0.634, 0.5982, 0.3781, 0.6216, 0.6245, 0.6327, 0.6287, 0.6279, 0.623, 0.6235, 0.6263, 0.6252, 0.6236, 0.3716, 0.3662, 0.6275], [0.6433, 0.6499, 0.3497, 0.6409, 0.6427, 0.65, 0.6357, 0.6305, 0.4672, 0.6371, 0.4783, 0.6388, 0.6406, 0.6407, 0.6353, 0.3606, 0.6389, 0.646, 0.6358, 0.65, 0.6403, 0.6412, 0.6402, 0.6362, 0.6476, 0.6409, 0.6445], [0.7686, 0.7574, 0.7669, 0.766, 0.7729, 0.7762, 0.7852, 0.7786, 0.7661, 0.7713, 0.7653, 0.7703, 0.7595, 0.7743, 0.7691, 0.7658, 0.7755, 0.7647, 0.7673, 0.7634, 0.7723, 0.7571, 0.7722, 0.7707, 0.7754, 0.7756, 0.7642], [0.6345, 0.635, 0.5656, 0.6321, 0.634, 0.6322, 0.3852, 0.6306, 0.6307, 0.6314, 0.6323, 0.6316, 0.6328, 0.3682, 0.5746, 0.6389, 0.3768, 0.6302, 0.3574, 0.6234, 0.6338, 0.6332, 0.6289, 0.6344, 0.6318, 0.6324, 0.6312]]
Results: 	[[0.6648, 0.6695, 0.6701, 0.3377, 0.6733, 0.6725, 0.6734, 0.6753, 0.6709, 0.3234, 0.6725, 0.6755, 0.6758, 0.6718, 0.6703, 0.6709, 0.674, 0.6688, 0.6689, 0.5191, 0.6705, 0.6714, 0.6697, 0.6735, 0.6807, 0.6665, 0.6694, 0.6721], [0.4803, 0.5574, 0.4647, 0.5675, 0.4693, 0.5516, 0.5438, 0.5565, 0.5761, 0.5706, 0.468, 0.4736, 0.5486, 0.5835, 0.5781, 0.5631, 0.525, 0.566, 0.5473, 0.413, 0.5658, 0.4286, 0.5724, 0.5489, 0.4311, 0.5627, 0.5704, 0.4407], [0.6265, 0.6267, 0.6226, 0.6272, 0.6208, 0.6249, 0.6245, 0.622, 0.6271, 0.618, 0.6097, 0.634, 0.5982, 0.3781, 0.6216, 0.6245, 0.6327, 0.6287, 0.6279, 0.623, 0.6235, 0.6263, 0.6252, 0.6236, 0.3716, 0.3662, 0.6275, 0.63], [0.6433, 0.6499, 0.3497, 0.6409, 0.6427, 0.65, 0.6357, 0.6305, 0.4672, 0.6371, 0.4783, 0.6388, 0.6406, 0.6407, 0.6353, 0.3606, 0.6389, 0.646, 0.6358, 0.65, 0.6403, 0.6412, 0.6402, 0.6362, 0.6476, 0.6409, 0.6445, 0.6488], [0.7686, 0.7574, 0.7669, 0.766, 0.7729, 0.7762, 0.7852, 0.7786, 0.7661, 0.7713, 0.7653, 0.7703, 0.7595, 0.7743, 0.7691, 0.7658, 0.7755, 0.7647, 0.7673, 0.7634, 0.7723, 0.7571, 0.7722, 0.7707, 0.7754, 0.7756, 0.7642, 0.7649], [0.6345, 0.635, 0.5656, 0.6321, 0.634, 0.6322, 0.3852, 0.6306, 0.6307, 0.6314, 0.6323, 0.6316, 0.6328, 0.3682, 0.5746, 0.6389, 0.3768, 0.6302, 0.3574, 0.6234, 0.6338, 0.6332, 0.6289, 0.6344, 0.6318, 0.6324, 0.6312, 0.6304]]
Results: 	[[0.6648, 0.6695, 0.6701, 0.3377, 0.6733, 0.6725, 0.6734, 0.6753, 0.6709, 0.3234, 0.6725, 0.6755, 0.6758, 0.6718, 0.6703, 0.6709, 0.674, 0.6688, 0.6689, 0.5191, 0.6705, 0.6714, 0.6697, 0.6735, 0.6807, 0.6665, 0.6694, 0.6721, 0.6723], [0.4803, 0.5574, 0.4647, 0.5675, 0.4693, 0.5516, 0.5438, 0.5565, 0.5761, 0.5706, 0.468, 0.4736, 0.5486, 0.5835, 0.5781, 0.5631, 0.525, 0.566, 0.5473, 0.413, 0.5658, 0.4286, 0.5724, 0.5489, 0.4311, 0.5627, 0.5704, 0.4407, 0.4649], [0.6265, 0.6267, 0.6226, 0.6272, 0.6208, 0.6249, 0.6245, 0.622, 0.6271, 0.618, 0.6097, 0.634, 0.5982, 0.3781, 0.6216, 0.6245, 0.6327, 0.6287, 0.6279, 0.623, 0.6235, 0.6263, 0.6252, 0.6236, 0.3716, 0.3662, 0.6275, 0.63, 0.6236], [0.6433, 0.6499, 0.3497, 0.6409, 0.6427, 0.65, 0.6357, 0.6305, 0.4672, 0.6371, 0.4783, 0.6388, 0.6406, 0.6407, 0.6353, 0.3606, 0.6389, 0.646, 0.6358, 0.65, 0.6403, 0.6412, 0.6402, 0.6362, 0.6476, 0.6409, 0.6445, 0.6488, 0.6515], [0.7686, 0.7574, 0.7669, 0.766, 0.7729, 0.7762, 0.7852, 0.7786, 0.7661, 0.7713, 0.7653, 0.7703, 0.7595, 0.7743, 0.7691, 0.7658, 0.7755, 0.7647, 0.7673, 0.7634, 0.7723, 0.7571, 0.7722, 0.7707, 0.7754, 0.7756, 0.7642, 0.7649, 0.7611], [0.6345, 0.635, 0.5656, 0.6321, 0.634, 0.6322, 0.3852, 0.6306, 0.6307, 0.6314, 0.6323, 0.6316, 0.6328, 0.3682, 0.5746, 0.6389, 0.3768, 0.6302, 0.3574, 0.6234, 0.6338, 0.6332, 0.6289, 0.6344, 0.6318, 0.6324, 0.6312, 0.6304, 0.6334]]
Results: 	[[0.6648, 0.6695, 0.6701, 0.3377, 0.6733, 0.6725, 0.6734, 0.6753, 0.6709, 0.3234, 0.6725, 0.6755, 0.6758, 0.6718, 0.6703, 0.6709, 0.674, 0.6688, 0.6689, 0.5191, 0.6705, 0.6714, 0.6697, 0.6735, 0.6807, 0.6665, 0.6694, 0.6721, 0.6723, 0.6688], [0.4803, 0.5574, 0.4647, 0.5675, 0.4693, 0.5516, 0.5438, 0.5565, 0.5761, 0.5706, 0.468, 0.4736, 0.5486, 0.5835, 0.5781, 0.5631, 0.525, 0.566, 0.5473, 0.413, 0.5658, 0.4286, 0.5724, 0.5489, 0.4311, 0.5627, 0.5704, 0.4407, 0.4649, 0.5706], [0.6265, 0.6267, 0.6226, 0.6272, 0.6208, 0.6249, 0.6245, 0.622, 0.6271, 0.618, 0.6097, 0.634, 0.5982, 0.3781, 0.6216, 0.6245, 0.6327, 0.6287, 0.6279, 0.623, 0.6235, 0.6263, 0.6252, 0.6236, 0.3716, 0.3662, 0.6275, 0.63, 0.6236, 0.6249], [0.6433, 0.6499, 0.3497, 0.6409, 0.6427, 0.65, 0.6357, 0.6305, 0.4672, 0.6371, 0.4783, 0.6388, 0.6406, 0.6407, 0.6353, 0.3606, 0.6389, 0.646, 0.6358, 0.65, 0.6403, 0.6412, 0.6402, 0.6362, 0.6476, 0.6409, 0.6445, 0.6488, 0.6515, 0.6365], [0.7686, 0.7574, 0.7669, 0.766, 0.7729, 0.7762, 0.7852, 0.7786, 0.7661, 0.7713, 0.7653, 0.7703, 0.7595, 0.7743, 0.7691, 0.7658, 0.7755, 0.7647, 0.7673, 0.7634, 0.7723, 0.7571, 0.7722, 0.7707, 0.7754, 0.7756, 0.7642, 0.7649, 0.7611, 0.7607], [0.6345, 0.635, 0.5656, 0.6321, 0.634, 0.6322, 0.3852, 0.6306, 0.6307, 0.6314, 0.6323, 0.6316, 0.6328, 0.3682, 0.5746, 0.6389, 0.3768, 0.6302, 0.3574, 0.6234, 0.6338, 0.6332, 0.6289, 0.6344, 0.6318, 0.6324, 0.6312, 0.6304, 0.6334, 0.6315]]

-----------------------------------------------------------------
Task                                            Acc         F1      AUROC  (mean±std)
-----------------------------------------------------------------
Renal and urinary disorders              0.6194±0.0710  0.6833±0.0768  0.6438±0.0881
Pregnancy, puerperium and perinatal conditions 0.4914±0.0527  0.1526±0.0224  0.5253±0.0536
Ear and labyrinth disorders              0.5621±0.0477  0.5368±0.0713  0.5987±0.0759
Cardiac disorders                        0.5937±0.0802  0.6712±0.0936  0.6113±0.0805
Nervous system disorders                 0.7518±0.0733  0.8464±0.0541  0.7686±0.0064
Injury, poisoning and procedural complications 0.5928±0.0741  0.6732±0.0831  0.5933±0.0883

OVERALL AVERAGE                          0.6019              0.5939              0.6235
-----------------------------------------------------------------
