
=================================================================
Variant : GINEConv-only  |  5-shot
Dataset : tox21  |  K_shot=5
Tasks   : ['SR-HSE', 'SR-MMP', 'SR-p53']
=================================================================
Results: 	[[0.649], [0.7352], [0.7374]]
Results: 	[[0.649, 0.6371], [0.7352, 0.7128], [0.7374, 0.7326]]
Results: 	[[0.649, 0.6371, 0.6489], [0.7352, 0.7128, 0.7442], [0.7374, 0.7326, 0.7368]]
Results: 	[[0.649, 0.6371, 0.6489, 0.6519], [0.7352, 0.7128, 0.7442, 0.7383], [0.7374, 0.7326, 0.7368, 0.7106]]
Results: 	[[0.649, 0.6371, 0.6489, 0.6519, 0.6477], [0.7352, 0.7128, 0.7442, 0.7383, 0.2566], [0.7374, 0.7326, 0.7368, 0.7106, 0.7411]]
Results: 	[[0.649, 0.6371, 0.6489, 0.6519, 0.6477, 0.6388], [0.7352, 0.7128, 0.7442, 0.7383, 0.2566, 0.7122], [0.7374, 0.7326, 0.7368, 0.7106, 0.7411, 0.7363]]
Results: 	[[0.649, 0.6371, 0.6489, 0.6519, 0.6477, 0.6388, 0.3755], [0.7352, 0.7128, 0.7442, 0.7383, 0.2566, 0.7122, 0.7422], [0.7374, 0.7326, 0.7368, 0.7106, 0.7411, 0.7363, 0.7263]]
Results: 	[[0.649, 0.6371, 0.6489, 0.6519, 0.6477, 0.6388, 0.3755, 0.3618], [0.7352, 0.7128, 0.7442, 0.7383, 0.2566, 0.7122, 0.7422, 0.7439], [0.7374, 0.7326, 0.7368, 0.7106, 0.7411, 0.7363, 0.7263, 0.6753]]
Results: 	[[0.649, 0.6371, 0.6489, 0.6519, 0.6477, 0.6388, 0.3755, 0.3618, 0.6458], [0.7352, 0.7128, 0.7442, 0.7383, 0.2566, 0.7122, 0.7422, 0.7439, 0.7339], [0.7374, 0.7326, 0.7368, 0.7106, 0.7411, 0.7363, 0.7263, 0.6753, 0.6833]]
Results: 	[[0.649, 0.6371, 0.6489, 0.6519, 0.6477, 0.6388, 0.3755, 0.3618, 0.6458, 0.65], [0.7352, 0.7128, 0.7442, 0.7383, 0.2566, 0.7122, 0.7422, 0.7439, 0.7339, 0.7419], [0.7374, 0.7326, 0.7368, 0.7106, 0.7411, 0.7363, 0.7263, 0.6753, 0.6833, 0.7216]]
Results: 	[[0.649, 0.6371, 0.6489, 0.6519, 0.6477, 0.6388, 0.3755, 0.3618, 0.6458, 0.65, 0.5538], [0.7352, 0.7128, 0.7442, 0.7383, 0.2566, 0.7122, 0.7422, 0.7439, 0.7339, 0.7419, 0.7434], [0.7374, 0.7326, 0.7368, 0.7106, 0.7411, 0.7363, 0.7263, 0.6753, 0.6833, 0.7216, 0.7413]]
Results: 	[[0.649, 0.6371, 0.6489, 0.6519, 0.6477, 0.6388, 0.3755, 0.3618, 0.6458, 0.65, 0.5538, 0.6404], [0.7352, 0.7128, 0.7442, 0.7383, 0.2566, 0.7122, 0.7422, 0.7439, 0.7339, 0.7419, 0.7434, 0.7364], [0.7374, 0.7326, 0.7368, 0.7106, 0.7411, 0.7363, 0.7263, 0.6753, 0.6833, 0.7216, 0.7413, 0.7268]]
Results: 	[[0.649, 0.6371, 0.6489, 0.6519, 0.6477, 0.6388, 0.3755, 0.3618, 0.6458, 0.65, 0.5538, 0.6404, 0.6526], [0.7352, 0.7128, 0.7442, 0.7383, 0.2566, 0.7122, 0.7422, 0.7439, 0.7339, 0.7419, 0.7434, 0.7364, 0.7232], [0.7374, 0.7326, 0.7368, 0.7106, 0.7411, 0.7363, 0.7263, 0.6753, 0.6833, 0.7216, 0.7413, 0.7268, 0.2633]]
Results: 	[[0.649, 0.6371, 0.6489, 0.6519, 0.6477, 0.6388, 0.3755, 0.3618, 0.6458, 0.65, 0.5538, 0.6404, 0.6526, 0.5463], [0.7352, 0.7128, 0.7442, 0.7383, 0.2566, 0.7122, 0.7422, 0.7439, 0.7339, 0.7419, 0.7434, 0.7364, 0.7232, 0.7335], [0.7374, 0.7326, 0.7368, 0.7106, 0.7411, 0.7363, 0.7263, 0.6753, 0.6833, 0.7216, 0.7413, 0.7268, 0.2633, 0.7316]]
Results: 	[[0.649, 0.6371, 0.6489, 0.6519, 0.6477, 0.6388, 0.3755, 0.3618, 0.6458, 0.65, 0.5538, 0.6404, 0.6526, 0.5463, 0.6524], [0.7352, 0.7128, 0.7442, 0.7383, 0.2566, 0.7122, 0.7422, 0.7439, 0.7339, 0.7419, 0.7434, 0.7364, 0.7232, 0.7335, 0.6385], [0.7374, 0.7326, 0.7368, 0.7106, 0.7411, 0.7363, 0.7263, 0.6753, 0.6833, 0.7216, 0.7413, 0.7268, 0.2633, 0.7316, 0.733]]
Results: 	[[0.649, 0.6371, 0.6489, 0.6519, 0.6477, 0.6388, 0.3755, 0.3618, 0.6458, 0.65, 0.5538, 0.6404, 0.6526, 0.5463, 0.6524, 0.6474], [0.7352, 0.7128, 0.7442, 0.7383, 0.2566, 0.7122, 0.7422, 0.7439, 0.7339, 0.7419, 0.7434, 0.7364, 0.7232, 0.7335, 0.6385, 0.7439], [0.7374, 0.7326, 0.7368, 0.7106, 0.7411, 0.7363, 0.7263, 0.6753, 0.6833, 0.7216, 0.7413, 0.7268, 0.2633, 0.7316, 0.733, 0.2712]]
Results: 	[[0.649, 0.6371, 0.6489, 0.6519, 0.6477, 0.6388, 0.3755, 0.3618, 0.6458, 0.65, 0.5538, 0.6404, 0.6526, 0.5463, 0.6524, 0.6474, 0.6491], [0.7352, 0.7128, 0.7442, 0.7383, 0.2566, 0.7122, 0.7422, 0.7439, 0.7339, 0.7419, 0.7434, 0.7364, 0.7232, 0.7335, 0.6385, 0.7439, 0.7412], [0.7374, 0.7326, 0.7368, 0.7106, 0.7411, 0.7363, 0.7263, 0.6753, 0.6833, 0.7216, 0.7413, 0.7268, 0.2633, 0.7316, 0.733, 0.2712, 0.7324]]
Results: 	[[0.649, 0.6371, 0.6489, 0.6519, 0.6477, 0.6388, 0.3755, 0.3618, 0.6458, 0.65, 0.5538, 0.6404, 0.6526, 0.5463, 0.6524, 0.6474, 0.6491, 0.6461], [0.7352, 0.7128, 0.7442, 0.7383, 0.2566, 0.7122, 0.7422, 0.7439, 0.7339, 0.7419, 0.7434, 0.7364, 0.7232, 0.7335, 0.6385, 0.7439, 0.7412, 0.7414], [0.7374, 0.7326, 0.7368, 0.7106, 0.7411, 0.7363, 0.7263, 0.6753, 0.6833, 0.7216, 0.7413, 0.7268, 0.2633, 0.7316, 0.733, 0.2712, 0.7324, 0.7386]]
Results: 	[[0.649, 0.6371, 0.6489, 0.6519, 0.6477, 0.6388, 0.3755, 0.3618, 0.6458, 0.65, 0.5538, 0.6404, 0.6526, 0.5463, 0.6524, 0.6474, 0.6491, 0.6461, 0.3462], [0.7352, 0.7128, 0.7442, 0.7383, 0.2566, 0.7122, 0.7422, 0.7439, 0.7339, 0.7419, 0.7434, 0.7364, 0.7232, 0.7335, 0.6385, 0.7439, 0.7412, 0.7414, 0.7434], [0.7374, 0.7326, 0.7368, 0.7106, 0.7411, 0.7363, 0.7263, 0.6753, 0.6833, 0.7216, 0.7413, 0.7268, 0.2633, 0.7316, 0.733, 0.2712, 0.7324, 0.7386, 0.7326]]
Results: 	[[0.649, 0.6371, 0.6489, 0.6519, 0.6477, 0.6388, 0.3755, 0.3618, 0.6458, 0.65, 0.5538, 0.6404, 0.6526, 0.5463, 0.6524, 0.6474, 0.6491, 0.6461, 0.3462, 0.644], [0.7352, 0.7128, 0.7442, 0.7383, 0.2566, 0.7122, 0.7422, 0.7439, 0.7339, 0.7419, 0.7434, 0.7364, 0.7232, 0.7335, 0.6385, 0.7439, 0.7412, 0.7414, 0.7434, 0.7413], [0.7374, 0.7326, 0.7368, 0.7106, 0.7411, 0.7363, 0.7263, 0.6753, 0.6833, 0.7216, 0.7413, 0.7268, 0.2633, 0.7316, 0.733, 0.2712, 0.7324, 0.7386, 0.7326, 0.7298]]
Results: 	[[0.649, 0.6371, 0.6489, 0.6519, 0.6477, 0.6388, 0.3755, 0.3618, 0.6458, 0.65, 0.5538, 0.6404, 0.6526, 0.5463, 0.6524, 0.6474, 0.6491, 0.6461, 0.3462, 0.644, 0.6482], [0.7352, 0.7128, 0.7442, 0.7383, 0.2566, 0.7122, 0.7422, 0.7439, 0.7339, 0.7419, 0.7434, 0.7364, 0.7232, 0.7335, 0.6385, 0.7439, 0.7412, 0.7414, 0.7434, 0.7413, 0.6997], [0.7374, 0.7326, 0.7368, 0.7106, 0.7411, 0.7363, 0.7263, 0.6753, 0.6833, 0.7216, 0.7413, 0.7268, 0.2633, 0.7316, 0.733, 0.2712, 0.7324, 0.7386, 0.7326, 0.7298, 0.7295]]
Results: 	[[0.649, 0.6371, 0.6489, 0.6519, 0.6477, 0.6388, 0.3755, 0.3618, 0.6458, 0.65, 0.5538, 0.6404, 0.6526, 0.5463, 0.6524, 0.6474, 0.6491, 0.6461, 0.3462, 0.644, 0.6482, 0.3856], [0.7352, 0.7128, 0.7442, 0.7383, 0.2566, 0.7122, 0.7422, 0.7439, 0.7339, 0.7419, 0.7434, 0.7364, 0.7232, 0.7335, 0.6385, 0.7439, 0.7412, 0.7414, 0.7434, 0.7413, 0.6997, 0.7451], [0.7374, 0.7326, 0.7368, 0.7106, 0.7411, 0.7363, 0.7263, 0.6753, 0.6833, 0.7216, 0.7413, 0.7268, 0.2633, 0.7316, 0.733, 0.2712, 0.7324, 0.7386, 0.7326, 0.7298, 0.7295, 0.7195]]
Results: 	[[0.649, 0.6371, 0.6489, 0.6519, 0.6477, 0.6388, 0.3755, 0.3618, 0.6458, 0.65, 0.5538, 0.6404, 0.6526, 0.5463, 0.6524, 0.6474, 0.6491, 0.6461, 0.3462, 0.644, 0.6482, 0.3856, 0.6524], [0.7352, 0.7128, 0.7442, 0.7383, 0.2566, 0.7122, 0.7422, 0.7439, 0.7339, 0.7419, 0.7434, 0.7364, 0.7232, 0.7335, 0.6385, 0.7439, 0.7412, 0.7414, 0.7434, 0.7413, 0.6997, 0.7451, 0.7442], [0.7374, 0.7326, 0.7368, 0.7106, 0.7411, 0.7363, 0.7263, 0.6753, 0.6833, 0.7216, 0.7413, 0.7268, 0.2633, 0.7316, 0.733, 0.2712, 0.7324, 0.7386, 0.7326, 0.7298, 0.7295, 0.7195, 0.7243]]
Results: 	[[0.649, 0.6371, 0.6489, 0.6519, 0.6477, 0.6388, 0.3755, 0.3618, 0.6458, 0.65, 0.5538, 0.6404, 0.6526, 0.5463, 0.6524, 0.6474, 0.6491, 0.6461, 0.3462, 0.644, 0.6482, 0.3856, 0.6524, 0.6464], [0.7352, 0.7128, 0.7442, 0.7383, 0.2566, 0.7122, 0.7422, 0.7439, 0.7339, 0.7419, 0.7434, 0.7364, 0.7232, 0.7335, 0.6385, 0.7439, 0.7412, 0.7414, 0.7434, 0.7413, 0.6997, 0.7451, 0.7442, 0.7344], [0.7374, 0.7326, 0.7368, 0.7106, 0.7411, 0.7363, 0.7263, 0.6753, 0.6833, 0.7216, 0.7413, 0.7268, 0.2633, 0.7316, 0.733, 0.2712, 0.7324, 0.7386, 0.7326, 0.7298, 0.7295, 0.7195, 0.7243, 0.6974]]
Results: 	[[0.649, 0.6371, 0.6489, 0.6519, 0.6477, 0.6388, 0.3755, 0.3618, 0.6458, 0.65, 0.5538, 0.6404, 0.6526, 0.5463, 0.6524, 0.6474, 0.6491, 0.6461, 0.3462, 0.644, 0.6482, 0.3856, 0.6524, 0.6464, 0.3557], [0.7352, 0.7128, 0.7442, 0.7383, 0.2566, 0.7122, 0.7422, 0.7439, 0.7339, 0.7419, 0.7434, 0.7364, 0.7232, 0.7335, 0.6385, 0.7439, 0.7412, 0.7414, 0.7434, 0.7413, 0.6997, 0.7451, 0.7442, 0.7344, 0.7363], [0.7374, 0.7326, 0.7368, 0.7106, 0.7411, 0.7363, 0.7263, 0.6753, 0.6833, 0.7216, 0.7413, 0.7268, 0.2633, 0.7316, 0.733, 0.2712, 0.7324, 0.7386, 0.7326, 0.7298, 0.7295, 0.7195, 0.7243, 0.6974, 0.7138]]
Results: 	[[0.649, 0.6371, 0.6489, 0.6519, 0.6477, 0.6388, 0.3755, 0.3618, 0.6458, 0.65, 0.5538, 0.6404, 0.6526, 0.5463, 0.6524, 0.6474, 0.6491, 0.6461, 0.3462, 0.644, 0.6482, 0.3856, 0.6524, 0.6464, 0.3557, 0.6352], [0.7352, 0.7128, 0.7442, 0.7383, 0.2566, 0.7122, 0.7422, 0.7439, 0.7339, 0.7419, 0.7434, 0.7364, 0.7232, 0.7335, 0.6385, 0.7439, 0.7412, 0.7414, 0.7434, 0.7413, 0.6997, 0.7451, 0.7442, 0.7344, 0.7363, 0.7286], [0.7374, 0.7326, 0.7368, 0.7106, 0.7411, 0.7363, 0.7263, 0.6753, 0.6833, 0.7216, 0.7413, 0.7268, 0.2633, 0.7316, 0.733, 0.2712, 0.7324, 0.7386, 0.7326, 0.7298, 0.7295, 0.7195, 0.7243, 0.6974, 0.7138, 0.7186]]
Results: 	[[0.649, 0.6371, 0.6489, 0.6519, 0.6477, 0.6388, 0.3755, 0.3618, 0.6458, 0.65, 0.5538, 0.6404, 0.6526, 0.5463, 0.6524, 0.6474, 0.6491, 0.6461, 0.3462, 0.644, 0.6482, 0.3856, 0.6524, 0.6464, 0.3557, 0.6352, 0.646], [0.7352, 0.7128, 0.7442, 0.7383, 0.2566, 0.7122, 0.7422, 0.7439, 0.7339, 0.7419, 0.7434, 0.7364, 0.7232, 0.7335, 0.6385, 0.7439, 0.7412, 0.7414, 0.7434, 0.7413, 0.6997, 0.7451, 0.7442, 0.7344, 0.7363, 0.7286, 0.7416], [0.7374, 0.7326, 0.7368, 0.7106, 0.7411, 0.7363, 0.7263, 0.6753, 0.6833, 0.7216, 0.7413, 0.7268, 0.2633, 0.7316, 0.733, 0.2712, 0.7324, 0.7386, 0.7326, 0.7298, 0.7295, 0.7195, 0.7243, 0.6974, 0.7138, 0.7186, 0.695]]
Results: 	[[0.649, 0.6371, 0.6489, 0.6519, 0.6477, 0.6388, 0.3755, 0.3618, 0.6458, 0.65, 0.5538, 0.6404, 0.6526, 0.5463, 0.6524, 0.6474, 0.6491, 0.6461, 0.3462, 0.644, 0.6482, 0.3856, 0.6524, 0.6464, 0.3557, 0.6352, 0.646, 0.5542], [0.7352, 0.7128, 0.7442, 0.7383, 0.2566, 0.7122, 0.7422, 0.7439, 0.7339, 0.7419, 0.7434, 0.7364, 0.7232, 0.7335, 0.6385, 0.7439, 0.7412, 0.7414, 0.7434, 0.7413, 0.6997, 0.7451, 0.7442, 0.7344, 0.7363, 0.7286, 0.7416, 0.7326], [0.7374, 0.7326, 0.7368, 0.7106, 0.7411, 0.7363, 0.7263, 0.6753, 0.6833, 0.7216, 0.7413, 0.7268, 0.2633, 0.7316, 0.733, 0.2712, 0.7324, 0.7386, 0.7326, 0.7298, 0.7295, 0.7195, 0.7243, 0.6974, 0.7138, 0.7186, 0.695, 0.7264]]
Results: 	[[0.649, 0.6371, 0.6489, 0.6519, 0.6477, 0.6388, 0.3755, 0.3618, 0.6458, 0.65, 0.5538, 0.6404, 0.6526, 0.5463, 0.6524, 0.6474, 0.6491, 0.6461, 0.3462, 0.644, 0.6482, 0.3856, 0.6524, 0.6464, 0.3557, 0.6352, 0.646, 0.5542, 0.6476], [0.7352, 0.7128, 0.7442, 0.7383, 0.2566, 0.7122, 0.7422, 0.7439, 0.7339, 0.7419, 0.7434, 0.7364, 0.7232, 0.7335, 0.6385, 0.7439, 0.7412, 0.7414, 0.7434, 0.7413, 0.6997, 0.7451, 0.7442, 0.7344, 0.7363, 0.7286, 0.7416, 0.7326, 0.7432], [0.7374, 0.7326, 0.7368, 0.7106, 0.7411, 0.7363, 0.7263, 0.6753, 0.6833, 0.7216, 0.7413, 0.7268, 0.2633, 0.7316, 0.733, 0.2712, 0.7324, 0.7386, 0.7326, 0.7298, 0.7295, 0.7195, 0.7243, 0.6974, 0.7138, 0.7186, 0.695, 0.7264, 0.7281]]
Results: 	[[0.649, 0.6371, 0.6489, 0.6519, 0.6477, 0.6388, 0.3755, 0.3618, 0.6458, 0.65, 0.5538, 0.6404, 0.6526, 0.5463, 0.6524, 0.6474, 0.6491, 0.6461, 0.3462, 0.644, 0.6482, 0.3856, 0.6524, 0.6464, 0.3557, 0.6352, 0.646, 0.5542, 0.6476, 0.4753], [0.7352, 0.7128, 0.7442, 0.7383, 0.2566, 0.7122, 0.7422, 0.7439, 0.7339, 0.7419, 0.7434, 0.7364, 0.7232, 0.7335, 0.6385, 0.7439, 0.7412, 0.7414, 0.7434, 0.7413, 0.6997, 0.7451, 0.7442, 0.7344, 0.7363, 0.7286, 0.7416, 0.7326, 0.7432, 0.7434], [0.7374, 0.7326, 0.7368, 0.7106, 0.7411, 0.7363, 0.7263, 0.6753, 0.6833, 0.7216, 0.7413, 0.7268, 0.2633, 0.7316, 0.733, 0.2712, 0.7324, 0.7386, 0.7326, 0.7298, 0.7295, 0.7195, 0.7243, 0.6974, 0.7138, 0.7186, 0.695, 0.7264, 0.7281, 0.6968]]

-----------------------------------------------------------------
Task                                            Acc         F1      AUROC  (mean±std)
-----------------------------------------------------------------
SR-HSE                                   0.5051±0.1247  0.1241±0.0290  0.5844±0.1062
SR-MMP                                   0.6377±0.0835  0.3693±0.0549  0.7166±0.0878
SR-p53                                   0.6009±0.1262  0.1773±0.0381  0.6917±0.1147

OVERALL AVERAGE                          0.5812              0.2235              0.6642
-----------------------------------------------------------------
