
=================================================================
Variant : GINEConv + CNN  |  5-shot
Dataset : sider  |  K_shot=5
Tasks   : ['Renal and urinary disorders', 'Pregnancy, puerperium and perinatal conditions', 'Ear and labyrinth disorders', 'Cardiac disorders', 'Nervous system disorders', 'Injury, poisoning and procedural complications']
=================================================================
Results: 	[[0.3467], [0.4734], [0.5869], [0.5959], [0.7648], [0.4036]]
Results: 	[[0.3467, 0.6488], [0.4734, 0.457], [0.5869, 0.5855], [0.5959, 0.4018], [0.7648, 0.7517], [0.4036, 0.4084]]
Results: 	[[0.3467, 0.6488, 0.6481], [0.4734, 0.457, 0.4619], [0.5869, 0.5855, 0.5862], [0.5959, 0.4018, 0.4048], [0.7648, 0.7517, 0.7576], [0.4036, 0.4084, 0.5916]]
Results: 	[[0.3467, 0.6488, 0.6481, 0.6494], [0.4734, 0.457, 0.4619, 0.465], [0.5869, 0.5855, 0.5862, 0.4128], [0.5959, 0.4018, 0.4048, 0.5922], [0.7648, 0.7517, 0.7576, 0.7474], [0.4036, 0.4084, 0.5916, 0.5935]]
Results: 	[[0.3467, 0.6488, 0.6481, 0.6494, 0.3508], [0.4734, 0.457, 0.4619, 0.465, 0.5429], [0.5869, 0.5855, 0.5862, 0.4128, 0.4123], [0.5959, 0.4018, 0.4048, 0.5922, 0.4016], [0.7648, 0.7517, 0.7576, 0.7474, 0.7465], [0.4036, 0.4084, 0.5916, 0.5935, 0.4074]]
Results: 	[[0.3467, 0.6488, 0.6481, 0.6494, 0.3508, 0.6509], [0.4734, 0.457, 0.4619, 0.465, 0.5429, 0.5261], [0.5869, 0.5855, 0.5862, 0.4128, 0.4123, 0.4112], [0.5959, 0.4018, 0.4048, 0.5922, 0.4016, 0.5943], [0.7648, 0.7517, 0.7576, 0.7474, 0.7465, 0.7562], [0.4036, 0.4084, 0.5916, 0.5935, 0.4074, 0.5915]]
Results: 	[[0.3467, 0.6488, 0.6481, 0.6494, 0.3508, 0.6509, 0.6465], [0.4734, 0.457, 0.4619, 0.465, 0.5429, 0.5261, 0.5333], [0.5869, 0.5855, 0.5862, 0.4128, 0.4123, 0.4112, 0.5857], [0.5959, 0.4018, 0.4048, 0.5922, 0.4016, 0.5943, 0.5926], [0.7648, 0.7517, 0.7576, 0.7474, 0.7465, 0.7562, 0.7523], [0.4036, 0.4084, 0.5916, 0.5935, 0.4074, 0.5915, 0.5937]]
Results: 	[[0.3467, 0.6488, 0.6481, 0.6494, 0.3508, 0.6509, 0.6465, 0.651], [0.4734, 0.457, 0.4619, 0.465, 0.5429, 0.5261, 0.5333, 0.517], [0.5869, 0.5855, 0.5862, 0.4128, 0.4123, 0.4112, 0.5857, 0.5847], [0.5959, 0.4018, 0.4048, 0.5922, 0.4016, 0.5943, 0.5926, 0.4038], [0.7648, 0.7517, 0.7576, 0.7474, 0.7465, 0.7562, 0.7523, 0.7569], [0.4036, 0.4084, 0.5916, 0.5935, 0.4074, 0.5915, 0.5937, 0.4044]]
Results: 	[[0.3467, 0.6488, 0.6481, 0.6494, 0.3508, 0.6509, 0.6465, 0.651, 0.6502], [0.4734, 0.457, 0.4619, 0.465, 0.5429, 0.5261, 0.5333, 0.517, 0.5383], [0.5869, 0.5855, 0.5862, 0.4128, 0.4123, 0.4112, 0.5857, 0.5847, 0.4122], [0.5959, 0.4018, 0.4048, 0.5922, 0.4016, 0.5943, 0.5926, 0.4038, 0.5947], [0.7648, 0.7517, 0.7576, 0.7474, 0.7465, 0.7562, 0.7523, 0.7569, 0.7592], [0.4036, 0.4084, 0.5916, 0.5935, 0.4074, 0.5915, 0.5937, 0.4044, 0.5934]]
Results: 	[[0.3467, 0.6488, 0.6481, 0.6494, 0.3508, 0.6509, 0.6465, 0.651, 0.6502, 0.348], [0.4734, 0.457, 0.4619, 0.465, 0.5429, 0.5261, 0.5333, 0.517, 0.5383, 0.457], [0.5869, 0.5855, 0.5862, 0.4128, 0.4123, 0.4112, 0.5857, 0.5847, 0.4122, 0.4135], [0.5959, 0.4018, 0.4048, 0.5922, 0.4016, 0.5943, 0.5926, 0.4038, 0.5947, 0.5958], [0.7648, 0.7517, 0.7576, 0.7474, 0.7465, 0.7562, 0.7523, 0.7569, 0.7592, 0.7543], [0.4036, 0.4084, 0.5916, 0.5935, 0.4074, 0.5915, 0.5937, 0.4044, 0.5934, 0.407]]
Results: 	[[0.3467, 0.6488, 0.6481, 0.6494, 0.3508, 0.6509, 0.6465, 0.651, 0.6502, 0.348, 0.6477], [0.4734, 0.457, 0.4619, 0.465, 0.5429, 0.5261, 0.5333, 0.517, 0.5383, 0.457, 0.4514], [0.5869, 0.5855, 0.5862, 0.4128, 0.4123, 0.4112, 0.5857, 0.5847, 0.4122, 0.4135, 0.5869], [0.5959, 0.4018, 0.4048, 0.5922, 0.4016, 0.5943, 0.5926, 0.4038, 0.5947, 0.5958, 0.5939], [0.7648, 0.7517, 0.7576, 0.7474, 0.7465, 0.7562, 0.7523, 0.7569, 0.7592, 0.7543, 0.7541], [0.4036, 0.4084, 0.5916, 0.5935, 0.4074, 0.5915, 0.5937, 0.4044, 0.5934, 0.407, 0.5905]]
Results: 	[[0.3467, 0.6488, 0.6481, 0.6494, 0.3508, 0.6509, 0.6465, 0.651, 0.6502, 0.348, 0.6477, 0.6495], [0.4734, 0.457, 0.4619, 0.465, 0.5429, 0.5261, 0.5333, 0.517, 0.5383, 0.457, 0.4514, 0.4589], [0.5869, 0.5855, 0.5862, 0.4128, 0.4123, 0.4112, 0.5857, 0.5847, 0.4122, 0.4135, 0.5869, 0.4137], [0.5959, 0.4018, 0.4048, 0.5922, 0.4016, 0.5943, 0.5926, 0.4038, 0.5947, 0.5958, 0.5939, 0.4038], [0.7648, 0.7517, 0.7576, 0.7474, 0.7465, 0.7562, 0.7523, 0.7569, 0.7592, 0.7543, 0.7541, 0.7538], [0.4036, 0.4084, 0.5916, 0.5935, 0.4074, 0.5915, 0.5937, 0.4044, 0.5934, 0.407, 0.5905, 0.4208]]
Results: 	[[0.3467, 0.6488, 0.6481, 0.6494, 0.3508, 0.6509, 0.6465, 0.651, 0.6502, 0.348, 0.6477, 0.6495, 0.6485], [0.4734, 0.457, 0.4619, 0.465, 0.5429, 0.5261, 0.5333, 0.517, 0.5383, 0.457, 0.4514, 0.4589, 0.536], [0.5869, 0.5855, 0.5862, 0.4128, 0.4123, 0.4112, 0.5857, 0.5847, 0.4122, 0.4135, 0.5869, 0.4137, 0.4119], [0.5959, 0.4018, 0.4048, 0.5922, 0.4016, 0.5943, 0.5926, 0.4038, 0.5947, 0.5958, 0.5939, 0.4038, 0.5917], [0.7648, 0.7517, 0.7576, 0.7474, 0.7465, 0.7562, 0.7523, 0.7569, 0.7592, 0.7543, 0.7541, 0.7538, 0.7514], [0.4036, 0.4084, 0.5916, 0.5935, 0.4074, 0.5915, 0.5937, 0.4044, 0.5934, 0.407, 0.5905, 0.4208, 0.4039]]
Results: 	[[0.3467, 0.6488, 0.6481, 0.6494, 0.3508, 0.6509, 0.6465, 0.651, 0.6502, 0.348, 0.6477, 0.6495, 0.6485, 0.6492], [0.4734, 0.457, 0.4619, 0.465, 0.5429, 0.5261, 0.5333, 0.517, 0.5383, 0.457, 0.4514, 0.4589, 0.536, 0.5382], [0.5869, 0.5855, 0.5862, 0.4128, 0.4123, 0.4112, 0.5857, 0.5847, 0.4122, 0.4135, 0.5869, 0.4137, 0.4119, 0.4177], [0.5959, 0.4018, 0.4048, 0.5922, 0.4016, 0.5943, 0.5926, 0.4038, 0.5947, 0.5958, 0.5939, 0.4038, 0.5917, 0.59], [0.7648, 0.7517, 0.7576, 0.7474, 0.7465, 0.7562, 0.7523, 0.7569, 0.7592, 0.7543, 0.7541, 0.7538, 0.7514, 0.7555], [0.4036, 0.4084, 0.5916, 0.5935, 0.4074, 0.5915, 0.5937, 0.4044, 0.5934, 0.407, 0.5905, 0.4208, 0.4039, 0.4058]]
Results: 	[[0.3467, 0.6488, 0.6481, 0.6494, 0.3508, 0.6509, 0.6465, 0.651, 0.6502, 0.348, 0.6477, 0.6495, 0.6485, 0.6492, 0.6495], [0.4734, 0.457, 0.4619, 0.465, 0.5429, 0.5261, 0.5333, 0.517, 0.5383, 0.457, 0.4514, 0.4589, 0.536, 0.5382, 0.456], [0.5869, 0.5855, 0.5862, 0.4128, 0.4123, 0.4112, 0.5857, 0.5847, 0.4122, 0.4135, 0.5869, 0.4137, 0.4119, 0.4177, 0.5128], [0.5959, 0.4018, 0.4048, 0.5922, 0.4016, 0.5943, 0.5926, 0.4038, 0.5947, 0.5958, 0.5939, 0.4038, 0.5917, 0.59, 0.5937], [0.7648, 0.7517, 0.7576, 0.7474, 0.7465, 0.7562, 0.7523, 0.7569, 0.7592, 0.7543, 0.7541, 0.7538, 0.7514, 0.7555, 0.7484], [0.4036, 0.4084, 0.5916, 0.5935, 0.4074, 0.5915, 0.5937, 0.4044, 0.5934, 0.407, 0.5905, 0.4208, 0.4039, 0.4058, 0.4048]]
Results: 	[[0.3467, 0.6488, 0.6481, 0.6494, 0.3508, 0.6509, 0.6465, 0.651, 0.6502, 0.348, 0.6477, 0.6495, 0.6485, 0.6492, 0.6495, 0.6474], [0.4734, 0.457, 0.4619, 0.465, 0.5429, 0.5261, 0.5333, 0.517, 0.5383, 0.457, 0.4514, 0.4589, 0.536, 0.5382, 0.456, 0.5165], [0.5869, 0.5855, 0.5862, 0.4128, 0.4123, 0.4112, 0.5857, 0.5847, 0.4122, 0.4135, 0.5869, 0.4137, 0.4119, 0.4177, 0.5128, 0.5611], [0.5959, 0.4018, 0.4048, 0.5922, 0.4016, 0.5943, 0.5926, 0.4038, 0.5947, 0.5958, 0.5939, 0.4038, 0.5917, 0.59, 0.5937, 0.5937], [0.7648, 0.7517, 0.7576, 0.7474, 0.7465, 0.7562, 0.7523, 0.7569, 0.7592, 0.7543, 0.7541, 0.7538, 0.7514, 0.7555, 0.7484, 0.7547], [0.4036, 0.4084, 0.5916, 0.5935, 0.4074, 0.5915, 0.5937, 0.4044, 0.5934, 0.407, 0.5905, 0.4208, 0.4039, 0.4058, 0.4048, 0.5904]]
Results: 	[[0.3467, 0.6488, 0.6481, 0.6494, 0.3508, 0.6509, 0.6465, 0.651, 0.6502, 0.348, 0.6477, 0.6495, 0.6485, 0.6492, 0.6495, 0.6474, 0.6487], [0.4734, 0.457, 0.4619, 0.465, 0.5429, 0.5261, 0.5333, 0.517, 0.5383, 0.457, 0.4514, 0.4589, 0.536, 0.5382, 0.456, 0.5165, 0.5376], [0.5869, 0.5855, 0.5862, 0.4128, 0.4123, 0.4112, 0.5857, 0.5847, 0.4122, 0.4135, 0.5869, 0.4137, 0.4119, 0.4177, 0.5128, 0.5611, 0.5865], [0.5959, 0.4018, 0.4048, 0.5922, 0.4016, 0.5943, 0.5926, 0.4038, 0.5947, 0.5958, 0.5939, 0.4038, 0.5917, 0.59, 0.5937, 0.5937, 0.5594], [0.7648, 0.7517, 0.7576, 0.7474, 0.7465, 0.7562, 0.7523, 0.7569, 0.7592, 0.7543, 0.7541, 0.7538, 0.7514, 0.7555, 0.7484, 0.7547, 0.7499], [0.4036, 0.4084, 0.5916, 0.5935, 0.4074, 0.5915, 0.5937, 0.4044, 0.5934, 0.407, 0.5905, 0.4208, 0.4039, 0.4058, 0.4048, 0.5904, 0.591]]
Results: 	[[0.3467, 0.6488, 0.6481, 0.6494, 0.3508, 0.6509, 0.6465, 0.651, 0.6502, 0.348, 0.6477, 0.6495, 0.6485, 0.6492, 0.6495, 0.6474, 0.6487, 0.6497], [0.4734, 0.457, 0.4619, 0.465, 0.5429, 0.5261, 0.5333, 0.517, 0.5383, 0.457, 0.4514, 0.4589, 0.536, 0.5382, 0.456, 0.5165, 0.5376, 0.4687], [0.5869, 0.5855, 0.5862, 0.4128, 0.4123, 0.4112, 0.5857, 0.5847, 0.4122, 0.4135, 0.5869, 0.4137, 0.4119, 0.4177, 0.5128, 0.5611, 0.5865, 0.4117], [0.5959, 0.4018, 0.4048, 0.5922, 0.4016, 0.5943, 0.5926, 0.4038, 0.5947, 0.5958, 0.5939, 0.4038, 0.5917, 0.59, 0.5937, 0.5937, 0.5594, 0.5937], [0.7648, 0.7517, 0.7576, 0.7474, 0.7465, 0.7562, 0.7523, 0.7569, 0.7592, 0.7543, 0.7541, 0.7538, 0.7514, 0.7555, 0.7484, 0.7547, 0.7499, 0.7519], [0.4036, 0.4084, 0.5916, 0.5935, 0.4074, 0.5915, 0.5937, 0.4044, 0.5934, 0.407, 0.5905, 0.4208, 0.4039, 0.4058, 0.4048, 0.5904, 0.591, 0.591]]
Results: 	[[0.3467, 0.6488, 0.6481, 0.6494, 0.3508, 0.6509, 0.6465, 0.651, 0.6502, 0.348, 0.6477, 0.6495, 0.6485, 0.6492, 0.6495, 0.6474, 0.6487, 0.6497, 0.649], [0.4734, 0.457, 0.4619, 0.465, 0.5429, 0.5261, 0.5333, 0.517, 0.5383, 0.457, 0.4514, 0.4589, 0.536, 0.5382, 0.456, 0.5165, 0.5376, 0.4687, 0.5328], [0.5869, 0.5855, 0.5862, 0.4128, 0.4123, 0.4112, 0.5857, 0.5847, 0.4122, 0.4135, 0.5869, 0.4137, 0.4119, 0.4177, 0.5128, 0.5611, 0.5865, 0.4117, 0.5873], [0.5959, 0.4018, 0.4048, 0.5922, 0.4016, 0.5943, 0.5926, 0.4038, 0.5947, 0.5958, 0.5939, 0.4038, 0.5917, 0.59, 0.5937, 0.5937, 0.5594, 0.5937, 0.5959], [0.7648, 0.7517, 0.7576, 0.7474, 0.7465, 0.7562, 0.7523, 0.7569, 0.7592, 0.7543, 0.7541, 0.7538, 0.7514, 0.7555, 0.7484, 0.7547, 0.7499, 0.7519, 0.7498], [0.4036, 0.4084, 0.5916, 0.5935, 0.4074, 0.5915, 0.5937, 0.4044, 0.5934, 0.407, 0.5905, 0.4208, 0.4039, 0.4058, 0.4048, 0.5904, 0.591, 0.591, 0.5936]]
Results: 	[[0.3467, 0.6488, 0.6481, 0.6494, 0.3508, 0.6509, 0.6465, 0.651, 0.6502, 0.348, 0.6477, 0.6495, 0.6485, 0.6492, 0.6495, 0.6474, 0.6487, 0.6497, 0.649, 0.5461], [0.4734, 0.457, 0.4619, 0.465, 0.5429, 0.5261, 0.5333, 0.517, 0.5383, 0.457, 0.4514, 0.4589, 0.536, 0.5382, 0.456, 0.5165, 0.5376, 0.4687, 0.5328, 0.5318], [0.5869, 0.5855, 0.5862, 0.4128, 0.4123, 0.4112, 0.5857, 0.5847, 0.4122, 0.4135, 0.5869, 0.4137, 0.4119, 0.4177, 0.5128, 0.5611, 0.5865, 0.4117, 0.5873, 0.4116], [0.5959, 0.4018, 0.4048, 0.5922, 0.4016, 0.5943, 0.5926, 0.4038, 0.5947, 0.5958, 0.5939, 0.4038, 0.5917, 0.59, 0.5937, 0.5937, 0.5594, 0.5937, 0.5959, 0.5926], [0.7648, 0.7517, 0.7576, 0.7474, 0.7465, 0.7562, 0.7523, 0.7569, 0.7592, 0.7543, 0.7541, 0.7538, 0.7514, 0.7555, 0.7484, 0.7547, 0.7499, 0.7519, 0.7498, 0.7565], [0.4036, 0.4084, 0.5916, 0.5935, 0.4074, 0.5915, 0.5937, 0.4044, 0.5934, 0.407, 0.5905, 0.4208, 0.4039, 0.4058, 0.4048, 0.5904, 0.591, 0.591, 0.5936, 0.5855]]
Results: 	[[0.3467, 0.6488, 0.6481, 0.6494, 0.3508, 0.6509, 0.6465, 0.651, 0.6502, 0.348, 0.6477, 0.6495, 0.6485, 0.6492, 0.6495, 0.6474, 0.6487, 0.6497, 0.649, 0.5461, 0.649], [0.4734, 0.457, 0.4619, 0.465, 0.5429, 0.5261, 0.5333, 0.517, 0.5383, 0.457, 0.4514, 0.4589, 0.536, 0.5382, 0.456, 0.5165, 0.5376, 0.4687, 0.5328, 0.5318, 0.5373], [0.5869, 0.5855, 0.5862, 0.4128, 0.4123, 0.4112, 0.5857, 0.5847, 0.4122, 0.4135, 0.5869, 0.4137, 0.4119, 0.4177, 0.5128, 0.5611, 0.5865, 0.4117, 0.5873, 0.4116, 0.5857], [0.5959, 0.4018, 0.4048, 0.5922, 0.4016, 0.5943, 0.5926, 0.4038, 0.5947, 0.5958, 0.5939, 0.4038, 0.5917, 0.59, 0.5937, 0.5937, 0.5594, 0.5937, 0.5959, 0.5926, 0.5952], [0.7648, 0.7517, 0.7576, 0.7474, 0.7465, 0.7562, 0.7523, 0.7569, 0.7592, 0.7543, 0.7541, 0.7538, 0.7514, 0.7555, 0.7484, 0.7547, 0.7499, 0.7519, 0.7498, 0.7565, 0.755], [0.4036, 0.4084, 0.5916, 0.5935, 0.4074, 0.5915, 0.5937, 0.4044, 0.5934, 0.407, 0.5905, 0.4208, 0.4039, 0.4058, 0.4048, 0.5904, 0.591, 0.591, 0.5936, 0.5855, 0.5914]]
Results: 	[[0.3467, 0.6488, 0.6481, 0.6494, 0.3508, 0.6509, 0.6465, 0.651, 0.6502, 0.348, 0.6477, 0.6495, 0.6485, 0.6492, 0.6495, 0.6474, 0.6487, 0.6497, 0.649, 0.5461, 0.649, 0.3479], [0.4734, 0.457, 0.4619, 0.465, 0.5429, 0.5261, 0.5333, 0.517, 0.5383, 0.457, 0.4514, 0.4589, 0.536, 0.5382, 0.456, 0.5165, 0.5376, 0.4687, 0.5328, 0.5318, 0.5373, 0.4488], [0.5869, 0.5855, 0.5862, 0.4128, 0.4123, 0.4112, 0.5857, 0.5847, 0.4122, 0.4135, 0.5869, 0.4137, 0.4119, 0.4177, 0.5128, 0.5611, 0.5865, 0.4117, 0.5873, 0.4116, 0.5857, 0.414], [0.5959, 0.4018, 0.4048, 0.5922, 0.4016, 0.5943, 0.5926, 0.4038, 0.5947, 0.5958, 0.5939, 0.4038, 0.5917, 0.59, 0.5937, 0.5937, 0.5594, 0.5937, 0.5959, 0.5926, 0.5952, 0.595], [0.7648, 0.7517, 0.7576, 0.7474, 0.7465, 0.7562, 0.7523, 0.7569, 0.7592, 0.7543, 0.7541, 0.7538, 0.7514, 0.7555, 0.7484, 0.7547, 0.7499, 0.7519, 0.7498, 0.7565, 0.755, 0.7533], [0.4036, 0.4084, 0.5916, 0.5935, 0.4074, 0.5915, 0.5937, 0.4044, 0.5934, 0.407, 0.5905, 0.4208, 0.4039, 0.4058, 0.4048, 0.5904, 0.591, 0.591, 0.5936, 0.5855, 0.5914, 0.592]]
Results: 	[[0.3467, 0.6488, 0.6481, 0.6494, 0.3508, 0.6509, 0.6465, 0.651, 0.6502, 0.348, 0.6477, 0.6495, 0.6485, 0.6492, 0.6495, 0.6474, 0.6487, 0.6497, 0.649, 0.5461, 0.649, 0.3479, 0.3482], [0.4734, 0.457, 0.4619, 0.465, 0.5429, 0.5261, 0.5333, 0.517, 0.5383, 0.457, 0.4514, 0.4589, 0.536, 0.5382, 0.456, 0.5165, 0.5376, 0.4687, 0.5328, 0.5318, 0.5373, 0.4488, 0.5402], [0.5869, 0.5855, 0.5862, 0.4128, 0.4123, 0.4112, 0.5857, 0.5847, 0.4122, 0.4135, 0.5869, 0.4137, 0.4119, 0.4177, 0.5128, 0.5611, 0.5865, 0.4117, 0.5873, 0.4116, 0.5857, 0.414, 0.41], [0.5959, 0.4018, 0.4048, 0.5922, 0.4016, 0.5943, 0.5926, 0.4038, 0.5947, 0.5958, 0.5939, 0.4038, 0.5917, 0.59, 0.5937, 0.5937, 0.5594, 0.5937, 0.5959, 0.5926, 0.5952, 0.595, 0.5942], [0.7648, 0.7517, 0.7576, 0.7474, 0.7465, 0.7562, 0.7523, 0.7569, 0.7592, 0.7543, 0.7541, 0.7538, 0.7514, 0.7555, 0.7484, 0.7547, 0.7499, 0.7519, 0.7498, 0.7565, 0.755, 0.7533, 0.7354], [0.4036, 0.4084, 0.5916, 0.5935, 0.4074, 0.5915, 0.5937, 0.4044, 0.5934, 0.407, 0.5905, 0.4208, 0.4039, 0.4058, 0.4048, 0.5904, 0.591, 0.591, 0.5936, 0.5855, 0.5914, 0.592, 0.591]]
Results: 	[[0.3467, 0.6488, 0.6481, 0.6494, 0.3508, 0.6509, 0.6465, 0.651, 0.6502, 0.348, 0.6477, 0.6495, 0.6485, 0.6492, 0.6495, 0.6474, 0.6487, 0.6497, 0.649, 0.5461, 0.649, 0.3479, 0.3482, 0.6499], [0.4734, 0.457, 0.4619, 0.465, 0.5429, 0.5261, 0.5333, 0.517, 0.5383, 0.457, 0.4514, 0.4589, 0.536, 0.5382, 0.456, 0.5165, 0.5376, 0.4687, 0.5328, 0.5318, 0.5373, 0.4488, 0.5402, 0.459], [0.5869, 0.5855, 0.5862, 0.4128, 0.4123, 0.4112, 0.5857, 0.5847, 0.4122, 0.4135, 0.5869, 0.4137, 0.4119, 0.4177, 0.5128, 0.5611, 0.5865, 0.4117, 0.5873, 0.4116, 0.5857, 0.414, 0.41, 0.5864], [0.5959, 0.4018, 0.4048, 0.5922, 0.4016, 0.5943, 0.5926, 0.4038, 0.5947, 0.5958, 0.5939, 0.4038, 0.5917, 0.59, 0.5937, 0.5937, 0.5594, 0.5937, 0.5959, 0.5926, 0.5952, 0.595, 0.5942, 0.5914], [0.7648, 0.7517, 0.7576, 0.7474, 0.7465, 0.7562, 0.7523, 0.7569, 0.7592, 0.7543, 0.7541, 0.7538, 0.7514, 0.7555, 0.7484, 0.7547, 0.7499, 0.7519, 0.7498, 0.7565, 0.755, 0.7533, 0.7354, 0.7457], [0.4036, 0.4084, 0.5916, 0.5935, 0.4074, 0.5915, 0.5937, 0.4044, 0.5934, 0.407, 0.5905, 0.4208, 0.4039, 0.4058, 0.4048, 0.5904, 0.591, 0.591, 0.5936, 0.5855, 0.5914, 0.592, 0.591, 0.5919]]
Results: 	[[0.3467, 0.6488, 0.6481, 0.6494, 0.3508, 0.6509, 0.6465, 0.651, 0.6502, 0.348, 0.6477, 0.6495, 0.6485, 0.6492, 0.6495, 0.6474, 0.6487, 0.6497, 0.649, 0.5461, 0.649, 0.3479, 0.3482, 0.6499, 0.6486], [0.4734, 0.457, 0.4619, 0.465, 0.5429, 0.5261, 0.5333, 0.517, 0.5383, 0.457, 0.4514, 0.4589, 0.536, 0.5382, 0.456, 0.5165, 0.5376, 0.4687, 0.5328, 0.5318, 0.5373, 0.4488, 0.5402, 0.459, 0.4545], [0.5869, 0.5855, 0.5862, 0.4128, 0.4123, 0.4112, 0.5857, 0.5847, 0.4122, 0.4135, 0.5869, 0.4137, 0.4119, 0.4177, 0.5128, 0.5611, 0.5865, 0.4117, 0.5873, 0.4116, 0.5857, 0.414, 0.41, 0.5864, 0.412], [0.5959, 0.4018, 0.4048, 0.5922, 0.4016, 0.5943, 0.5926, 0.4038, 0.5947, 0.5958, 0.5939, 0.4038, 0.5917, 0.59, 0.5937, 0.5937, 0.5594, 0.5937, 0.5959, 0.5926, 0.5952, 0.595, 0.5942, 0.5914, 0.4059], [0.7648, 0.7517, 0.7576, 0.7474, 0.7465, 0.7562, 0.7523, 0.7569, 0.7592, 0.7543, 0.7541, 0.7538, 0.7514, 0.7555, 0.7484, 0.7547, 0.7499, 0.7519, 0.7498, 0.7565, 0.755, 0.7533, 0.7354, 0.7457, 0.2407], [0.4036, 0.4084, 0.5916, 0.5935, 0.4074, 0.5915, 0.5937, 0.4044, 0.5934, 0.407, 0.5905, 0.4208, 0.4039, 0.4058, 0.4048, 0.5904, 0.591, 0.591, 0.5936, 0.5855, 0.5914, 0.592, 0.591, 0.5919, 0.5907]]
Results: 	[[0.3467, 0.6488, 0.6481, 0.6494, 0.3508, 0.6509, 0.6465, 0.651, 0.6502, 0.348, 0.6477, 0.6495, 0.6485, 0.6492, 0.6495, 0.6474, 0.6487, 0.6497, 0.649, 0.5461, 0.649, 0.3479, 0.3482, 0.6499, 0.6486, 0.6498], [0.4734, 0.457, 0.4619, 0.465, 0.5429, 0.5261, 0.5333, 0.517, 0.5383, 0.457, 0.4514, 0.4589, 0.536, 0.5382, 0.456, 0.5165, 0.5376, 0.4687, 0.5328, 0.5318, 0.5373, 0.4488, 0.5402, 0.459, 0.4545, 0.4541], [0.5869, 0.5855, 0.5862, 0.4128, 0.4123, 0.4112, 0.5857, 0.5847, 0.4122, 0.4135, 0.5869, 0.4137, 0.4119, 0.4177, 0.5128, 0.5611, 0.5865, 0.4117, 0.5873, 0.4116, 0.5857, 0.414, 0.41, 0.5864, 0.412, 0.5862], [0.5959, 0.4018, 0.4048, 0.5922, 0.4016, 0.5943, 0.5926, 0.4038, 0.5947, 0.5958, 0.5939, 0.4038, 0.5917, 0.59, 0.5937, 0.5937, 0.5594, 0.5937, 0.5959, 0.5926, 0.5952, 0.595, 0.5942, 0.5914, 0.4059, 0.5936], [0.7648, 0.7517, 0.7576, 0.7474, 0.7465, 0.7562, 0.7523, 0.7569, 0.7592, 0.7543, 0.7541, 0.7538, 0.7514, 0.7555, 0.7484, 0.7547, 0.7499, 0.7519, 0.7498, 0.7565, 0.755, 0.7533, 0.7354, 0.7457, 0.2407, 0.753], [0.4036, 0.4084, 0.5916, 0.5935, 0.4074, 0.5915, 0.5937, 0.4044, 0.5934, 0.407, 0.5905, 0.4208, 0.4039, 0.4058, 0.4048, 0.5904, 0.591, 0.591, 0.5936, 0.5855, 0.5914, 0.592, 0.591, 0.5919, 0.5907, 0.5918]]
Results: 	[[0.3467, 0.6488, 0.6481, 0.6494, 0.3508, 0.6509, 0.6465, 0.651, 0.6502, 0.348, 0.6477, 0.6495, 0.6485, 0.6492, 0.6495, 0.6474, 0.6487, 0.6497, 0.649, 0.5461, 0.649, 0.3479, 0.3482, 0.6499, 0.6486, 0.6498, 0.6481], [0.4734, 0.457, 0.4619, 0.465, 0.5429, 0.5261, 0.5333, 0.517, 0.5383, 0.457, 0.4514, 0.4589, 0.536, 0.5382, 0.456, 0.5165, 0.5376, 0.4687, 0.5328, 0.5318, 0.5373, 0.4488, 0.5402, 0.459, 0.4545, 0.4541, 0.5411], [0.5869, 0.5855, 0.5862, 0.4128, 0.4123, 0.4112, 0.5857, 0.5847, 0.4122, 0.4135, 0.5869, 0.4137, 0.4119, 0.4177, 0.5128, 0.5611, 0.5865, 0.4117, 0.5873, 0.4116, 0.5857, 0.414, 0.41, 0.5864, 0.412, 0.5862, 0.4417], [0.5959, 0.4018, 0.4048, 0.5922, 0.4016, 0.5943, 0.5926, 0.4038, 0.5947, 0.5958, 0.5939, 0.4038, 0.5917, 0.59, 0.5937, 0.5937, 0.5594, 0.5937, 0.5959, 0.5926, 0.5952, 0.595, 0.5942, 0.5914, 0.4059, 0.5936, 0.5914], [0.7648, 0.7517, 0.7576, 0.7474, 0.7465, 0.7562, 0.7523, 0.7569, 0.7592, 0.7543, 0.7541, 0.7538, 0.7514, 0.7555, 0.7484, 0.7547, 0.7499, 0.7519, 0.7498, 0.7565, 0.755, 0.7533, 0.7354, 0.7457, 0.2407, 0.753, 0.2362], [0.4036, 0.4084, 0.5916, 0.5935, 0.4074, 0.5915, 0.5937, 0.4044, 0.5934, 0.407, 0.5905, 0.4208, 0.4039, 0.4058, 0.4048, 0.5904, 0.591, 0.591, 0.5936, 0.5855, 0.5914, 0.592, 0.591, 0.5919, 0.5907, 0.5918, 0.5896]]
Results: 	[[0.3467, 0.6488, 0.6481, 0.6494, 0.3508, 0.6509, 0.6465, 0.651, 0.6502, 0.348, 0.6477, 0.6495, 0.6485, 0.6492, 0.6495, 0.6474, 0.6487, 0.6497, 0.649, 0.5461, 0.649, 0.3479, 0.3482, 0.6499, 0.6486, 0.6498, 0.6481, 0.6492], [0.4734, 0.457, 0.4619, 0.465, 0.5429, 0.5261, 0.5333, 0.517, 0.5383, 0.457, 0.4514, 0.4589, 0.536, 0.5382, 0.456, 0.5165, 0.5376, 0.4687, 0.5328, 0.5318, 0.5373, 0.4488, 0.5402, 0.459, 0.4545, 0.4541, 0.5411, 0.5372], [0.5869, 0.5855, 0.5862, 0.4128, 0.4123, 0.4112, 0.5857, 0.5847, 0.4122, 0.4135, 0.5869, 0.4137, 0.4119, 0.4177, 0.5128, 0.5611, 0.5865, 0.4117, 0.5873, 0.4116, 0.5857, 0.414, 0.41, 0.5864, 0.412, 0.5862, 0.4417, 0.5885], [0.5959, 0.4018, 0.4048, 0.5922, 0.4016, 0.5943, 0.5926, 0.4038, 0.5947, 0.5958, 0.5939, 0.4038, 0.5917, 0.59, 0.5937, 0.5937, 0.5594, 0.5937, 0.5959, 0.5926, 0.5952, 0.595, 0.5942, 0.5914, 0.4059, 0.5936, 0.5914, 0.402], [0.7648, 0.7517, 0.7576, 0.7474, 0.7465, 0.7562, 0.7523, 0.7569, 0.7592, 0.7543, 0.7541, 0.7538, 0.7514, 0.7555, 0.7484, 0.7547, 0.7499, 0.7519, 0.7498, 0.7565, 0.755, 0.7533, 0.7354, 0.7457, 0.2407, 0.753, 0.2362, 0.7488], [0.4036, 0.4084, 0.5916, 0.5935, 0.4074, 0.5915, 0.5937, 0.4044, 0.5934, 0.407, 0.5905, 0.4208, 0.4039, 0.4058, 0.4048, 0.5904, 0.591, 0.591, 0.5936, 0.5855, 0.5914, 0.592, 0.591, 0.5919, 0.5907, 0.5918, 0.5896, 0.5935]]
Results: 	[[0.3467, 0.6488, 0.6481, 0.6494, 0.3508, 0.6509, 0.6465, 0.651, 0.6502, 0.348, 0.6477, 0.6495, 0.6485, 0.6492, 0.6495, 0.6474, 0.6487, 0.6497, 0.649, 0.5461, 0.649, 0.3479, 0.3482, 0.6499, 0.6486, 0.6498, 0.6481, 0.6492, 0.6503], [0.4734, 0.457, 0.4619, 0.465, 0.5429, 0.5261, 0.5333, 0.517, 0.5383, 0.457, 0.4514, 0.4589, 0.536, 0.5382, 0.456, 0.5165, 0.5376, 0.4687, 0.5328, 0.5318, 0.5373, 0.4488, 0.5402, 0.459, 0.4545, 0.4541, 0.5411, 0.5372, 0.5193], [0.5869, 0.5855, 0.5862, 0.4128, 0.4123, 0.4112, 0.5857, 0.5847, 0.4122, 0.4135, 0.5869, 0.4137, 0.4119, 0.4177, 0.5128, 0.5611, 0.5865, 0.4117, 0.5873, 0.4116, 0.5857, 0.414, 0.41, 0.5864, 0.412, 0.5862, 0.4417, 0.5885, 0.5856], [0.5959, 0.4018, 0.4048, 0.5922, 0.4016, 0.5943, 0.5926, 0.4038, 0.5947, 0.5958, 0.5939, 0.4038, 0.5917, 0.59, 0.5937, 0.5937, 0.5594, 0.5937, 0.5959, 0.5926, 0.5952, 0.595, 0.5942, 0.5914, 0.4059, 0.5936, 0.5914, 0.402, 0.4034], [0.7648, 0.7517, 0.7576, 0.7474, 0.7465, 0.7562, 0.7523, 0.7569, 0.7592, 0.7543, 0.7541, 0.7538, 0.7514, 0.7555, 0.7484, 0.7547, 0.7499, 0.7519, 0.7498, 0.7565, 0.755, 0.7533, 0.7354, 0.7457, 0.2407, 0.753, 0.2362, 0.7488, 0.7634], [0.4036, 0.4084, 0.5916, 0.5935, 0.4074, 0.5915, 0.5937, 0.4044, 0.5934, 0.407, 0.5905, 0.4208, 0.4039, 0.4058, 0.4048, 0.5904, 0.591, 0.591, 0.5936, 0.5855, 0.5914, 0.592, 0.591, 0.5919, 0.5907, 0.5918, 0.5896, 0.5935, 0.5927]]
Results: 	[[0.3467, 0.6488, 0.6481, 0.6494, 0.3508, 0.6509, 0.6465, 0.651, 0.6502, 0.348, 0.6477, 0.6495, 0.6485, 0.6492, 0.6495, 0.6474, 0.6487, 0.6497, 0.649, 0.5461, 0.649, 0.3479, 0.3482, 0.6499, 0.6486, 0.6498, 0.6481, 0.6492, 0.6503, 0.6482], [0.4734, 0.457, 0.4619, 0.465, 0.5429, 0.5261, 0.5333, 0.517, 0.5383, 0.457, 0.4514, 0.4589, 0.536, 0.5382, 0.456, 0.5165, 0.5376, 0.4687, 0.5328, 0.5318, 0.5373, 0.4488, 0.5402, 0.459, 0.4545, 0.4541, 0.5411, 0.5372, 0.5193, 0.5414], [0.5869, 0.5855, 0.5862, 0.4128, 0.4123, 0.4112, 0.5857, 0.5847, 0.4122, 0.4135, 0.5869, 0.4137, 0.4119, 0.4177, 0.5128, 0.5611, 0.5865, 0.4117, 0.5873, 0.4116, 0.5857, 0.414, 0.41, 0.5864, 0.412, 0.5862, 0.4417, 0.5885, 0.5856, 0.5841], [0.5959, 0.4018, 0.4048, 0.5922, 0.4016, 0.5943, 0.5926, 0.4038, 0.5947, 0.5958, 0.5939, 0.4038, 0.5917, 0.59, 0.5937, 0.5937, 0.5594, 0.5937, 0.5959, 0.5926, 0.5952, 0.595, 0.5942, 0.5914, 0.4059, 0.5936, 0.5914, 0.402, 0.4034, 0.5929], [0.7648, 0.7517, 0.7576, 0.7474, 0.7465, 0.7562, 0.7523, 0.7569, 0.7592, 0.7543, 0.7541, 0.7538, 0.7514, 0.7555, 0.7484, 0.7547, 0.7499, 0.7519, 0.7498, 0.7565, 0.755, 0.7533, 0.7354, 0.7457, 0.2407, 0.753, 0.2362, 0.7488, 0.7634, 0.7527], [0.4036, 0.4084, 0.5916, 0.5935, 0.4074, 0.5915, 0.5937, 0.4044, 0.5934, 0.407, 0.5905, 0.4208, 0.4039, 0.4058, 0.4048, 0.5904, 0.591, 0.591, 0.5936, 0.5855, 0.5914, 0.592, 0.591, 0.5919, 0.5907, 0.5918, 0.5896, 0.5935, 0.5927, 0.4063]]

-----------------------------------------------------------------
Task                                            Acc         F1      AUROC  (mean±std)
-----------------------------------------------------------------
Renal and urinary disorders              0.5700±0.0858  0.6254±0.0972  0.5955±0.1121
Pregnancy, puerperium and perinatal conditions 0.4843±0.1157  0.1424±0.0163  0.5011±0.0377
Ear and labyrinth disorders              0.5040±0.0549  0.4750±0.0917  0.5029±0.0837
Cardiac disorders                        0.5434±0.0844  0.6227±0.1029  0.5417±0.0836
Nervous system disorders                 0.6887±0.1582  0.7884±0.1515  0.7186±0.1284
Injury, poisoning and procedural complications 0.5241±0.0834  0.5788±0.1340  0.5301±0.0869

OVERALL AVERAGE                          0.5524              0.5388              0.5650
-----------------------------------------------------------------
