
=================================================================
Variant : GINEConv + CNN  |  5-shot
Dataset : tox21  |  K_shot=5
Tasks   : ['SR-HSE', 'SR-MMP', 'SR-p53']
=================================================================
Results: 	[[0.4851], [0.8499], [0.8176]]
Results: 	[[0.4851, 0.7728], [0.8499, 0.8493], [0.8176, 0.8142]]
Results: 	[[0.4851, 0.7728, 0.7786], [0.8499, 0.8493, 0.8506], [0.8176, 0.8142, 0.6952]]
Results: 	[[0.4851, 0.7728, 0.7786, 0.7701], [0.8499, 0.8493, 0.8506, 0.8475], [0.8176, 0.8142, 0.6952, 0.8148]]
Results: 	[[0.4851, 0.7728, 0.7786, 0.7701, 0.776], [0.8499, 0.8493, 0.8506, 0.8475, 0.8486], [0.8176, 0.8142, 0.6952, 0.8148, 0.8138]]
Results: 	[[0.4851, 0.7728, 0.7786, 0.7701, 0.776, 0.7729], [0.8499, 0.8493, 0.8506, 0.8475, 0.8486, 0.8491], [0.8176, 0.8142, 0.6952, 0.8148, 0.8138, 0.8121]]
Results: 	[[0.4851, 0.7728, 0.7786, 0.7701, 0.776, 0.7729, 0.7743], [0.8499, 0.8493, 0.8506, 0.8475, 0.8486, 0.8491, 0.848], [0.8176, 0.8142, 0.6952, 0.8148, 0.8138, 0.8121, 0.8099]]
Results: 	[[0.4851, 0.7728, 0.7786, 0.7701, 0.776, 0.7729, 0.7743, 0.2292], [0.8499, 0.8493, 0.8506, 0.8475, 0.8486, 0.8491, 0.848, 0.8387], [0.8176, 0.8142, 0.6952, 0.8148, 0.8138, 0.8121, 0.8099, 0.8072]]
Results: 	[[0.4851, 0.7728, 0.7786, 0.7701, 0.776, 0.7729, 0.7743, 0.2292, 0.7731], [0.8499, 0.8493, 0.8506, 0.8475, 0.8486, 0.8491, 0.848, 0.8387, 0.8498], [0.8176, 0.8142, 0.6952, 0.8148, 0.8138, 0.8121, 0.8099, 0.8072, 0.6982]]
Results: 	[[0.4851, 0.7728, 0.7786, 0.7701, 0.776, 0.7729, 0.7743, 0.2292, 0.7731, 0.7728], [0.8499, 0.8493, 0.8506, 0.8475, 0.8486, 0.8491, 0.848, 0.8387, 0.8498, 0.8485], [0.8176, 0.8142, 0.6952, 0.8148, 0.8138, 0.8121, 0.8099, 0.8072, 0.6982, 0.7982]]
Results: 	[[0.4851, 0.7728, 0.7786, 0.7701, 0.776, 0.7729, 0.7743, 0.2292, 0.7731, 0.7728, 0.7695], [0.8499, 0.8493, 0.8506, 0.8475, 0.8486, 0.8491, 0.848, 0.8387, 0.8498, 0.8485, 0.8482], [0.8176, 0.8142, 0.6952, 0.8148, 0.8138, 0.8121, 0.8099, 0.8072, 0.6982, 0.7982, 0.8148]]
Results: 	[[0.4851, 0.7728, 0.7786, 0.7701, 0.776, 0.7729, 0.7743, 0.2292, 0.7731, 0.7728, 0.7695, 0.7723], [0.8499, 0.8493, 0.8506, 0.8475, 0.8486, 0.8491, 0.848, 0.8387, 0.8498, 0.8485, 0.8482, 0.8341], [0.8176, 0.8142, 0.6952, 0.8148, 0.8138, 0.8121, 0.8099, 0.8072, 0.6982, 0.7982, 0.8148, 0.8118]]
Results: 	[[0.4851, 0.7728, 0.7786, 0.7701, 0.776, 0.7729, 0.7743, 0.2292, 0.7731, 0.7728, 0.7695, 0.7723, 0.7141], [0.8499, 0.8493, 0.8506, 0.8475, 0.8486, 0.8491, 0.848, 0.8387, 0.8498, 0.8485, 0.8482, 0.8341, 0.8499], [0.8176, 0.8142, 0.6952, 0.8148, 0.8138, 0.8121, 0.8099, 0.8072, 0.6982, 0.7982, 0.8148, 0.8118, 0.8145]]
Results: 	[[0.4851, 0.7728, 0.7786, 0.7701, 0.776, 0.7729, 0.7743, 0.2292, 0.7731, 0.7728, 0.7695, 0.7723, 0.7141, 0.7721], [0.8499, 0.8493, 0.8506, 0.8475, 0.8486, 0.8491, 0.848, 0.8387, 0.8498, 0.8485, 0.8482, 0.8341, 0.8499, 0.8412], [0.8176, 0.8142, 0.6952, 0.8148, 0.8138, 0.8121, 0.8099, 0.8072, 0.6982, 0.7982, 0.8148, 0.8118, 0.8145, 0.8138]]
Results: 	[[0.4851, 0.7728, 0.7786, 0.7701, 0.776, 0.7729, 0.7743, 0.2292, 0.7731, 0.7728, 0.7695, 0.7723, 0.7141, 0.7721, 0.7676], [0.8499, 0.8493, 0.8506, 0.8475, 0.8486, 0.8491, 0.848, 0.8387, 0.8498, 0.8485, 0.8482, 0.8341, 0.8499, 0.8412, 0.8469], [0.8176, 0.8142, 0.6952, 0.8148, 0.8138, 0.8121, 0.8099, 0.8072, 0.6982, 0.7982, 0.8148, 0.8118, 0.8145, 0.8138, 0.8142]]
Results: 	[[0.4851, 0.7728, 0.7786, 0.7701, 0.776, 0.7729, 0.7743, 0.2292, 0.7731, 0.7728, 0.7695, 0.7723, 0.7141, 0.7721, 0.7676, 0.7732], [0.8499, 0.8493, 0.8506, 0.8475, 0.8486, 0.8491, 0.848, 0.8387, 0.8498, 0.8485, 0.8482, 0.8341, 0.8499, 0.8412, 0.8469, 0.8503], [0.8176, 0.8142, 0.6952, 0.8148, 0.8138, 0.8121, 0.8099, 0.8072, 0.6982, 0.7982, 0.8148, 0.8118, 0.8145, 0.8138, 0.8142, 0.8126]]
Results: 	[[0.4851, 0.7728, 0.7786, 0.7701, 0.776, 0.7729, 0.7743, 0.2292, 0.7731, 0.7728, 0.7695, 0.7723, 0.7141, 0.7721, 0.7676, 0.7732, 0.7708], [0.8499, 0.8493, 0.8506, 0.8475, 0.8486, 0.8491, 0.848, 0.8387, 0.8498, 0.8485, 0.8482, 0.8341, 0.8499, 0.8412, 0.8469, 0.8503, 0.8466], [0.8176, 0.8142, 0.6952, 0.8148, 0.8138, 0.8121, 0.8099, 0.8072, 0.6982, 0.7982, 0.8148, 0.8118, 0.8145, 0.8138, 0.8142, 0.8126, 0.8155]]
Results: 	[[0.4851, 0.7728, 0.7786, 0.7701, 0.776, 0.7729, 0.7743, 0.2292, 0.7731, 0.7728, 0.7695, 0.7723, 0.7141, 0.7721, 0.7676, 0.7732, 0.7708, 0.7718], [0.8499, 0.8493, 0.8506, 0.8475, 0.8486, 0.8491, 0.848, 0.8387, 0.8498, 0.8485, 0.8482, 0.8341, 0.8499, 0.8412, 0.8469, 0.8503, 0.8466, 0.8506], [0.8176, 0.8142, 0.6952, 0.8148, 0.8138, 0.8121, 0.8099, 0.8072, 0.6982, 0.7982, 0.8148, 0.8118, 0.8145, 0.8138, 0.8142, 0.8126, 0.8155, 0.8087]]
Results: 	[[0.4851, 0.7728, 0.7786, 0.7701, 0.776, 0.7729, 0.7743, 0.2292, 0.7731, 0.7728, 0.7695, 0.7723, 0.7141, 0.7721, 0.7676, 0.7732, 0.7708, 0.7718, 0.7718], [0.8499, 0.8493, 0.8506, 0.8475, 0.8486, 0.8491, 0.848, 0.8387, 0.8498, 0.8485, 0.8482, 0.8341, 0.8499, 0.8412, 0.8469, 0.8503, 0.8466, 0.8506, 0.8483], [0.8176, 0.8142, 0.6952, 0.8148, 0.8138, 0.8121, 0.8099, 0.8072, 0.6982, 0.7982, 0.8148, 0.8118, 0.8145, 0.8138, 0.8142, 0.8126, 0.8155, 0.8087, 0.8158]]
Results: 	[[0.4851, 0.7728, 0.7786, 0.7701, 0.776, 0.7729, 0.7743, 0.2292, 0.7731, 0.7728, 0.7695, 0.7723, 0.7141, 0.7721, 0.7676, 0.7732, 0.7708, 0.7718, 0.7718, 0.771], [0.8499, 0.8493, 0.8506, 0.8475, 0.8486, 0.8491, 0.848, 0.8387, 0.8498, 0.8485, 0.8482, 0.8341, 0.8499, 0.8412, 0.8469, 0.8503, 0.8466, 0.8506, 0.8483, 0.8513], [0.8176, 0.8142, 0.6952, 0.8148, 0.8138, 0.8121, 0.8099, 0.8072, 0.6982, 0.7982, 0.8148, 0.8118, 0.8145, 0.8138, 0.8142, 0.8126, 0.8155, 0.8087, 0.8158, 0.8137]]
Results: 	[[0.4851, 0.7728, 0.7786, 0.7701, 0.776, 0.7729, 0.7743, 0.2292, 0.7731, 0.7728, 0.7695, 0.7723, 0.7141, 0.7721, 0.7676, 0.7732, 0.7708, 0.7718, 0.7718, 0.771, 0.7696], [0.8499, 0.8493, 0.8506, 0.8475, 0.8486, 0.8491, 0.848, 0.8387, 0.8498, 0.8485, 0.8482, 0.8341, 0.8499, 0.8412, 0.8469, 0.8503, 0.8466, 0.8506, 0.8483, 0.8513, 0.85], [0.8176, 0.8142, 0.6952, 0.8148, 0.8138, 0.8121, 0.8099, 0.8072, 0.6982, 0.7982, 0.8148, 0.8118, 0.8145, 0.8138, 0.8142, 0.8126, 0.8155, 0.8087, 0.8158, 0.8137, 0.8071]]
Results: 	[[0.4851, 0.7728, 0.7786, 0.7701, 0.776, 0.7729, 0.7743, 0.2292, 0.7731, 0.7728, 0.7695, 0.7723, 0.7141, 0.7721, 0.7676, 0.7732, 0.7708, 0.7718, 0.7718, 0.771, 0.7696, 0.762], [0.8499, 0.8493, 0.8506, 0.8475, 0.8486, 0.8491, 0.848, 0.8387, 0.8498, 0.8485, 0.8482, 0.8341, 0.8499, 0.8412, 0.8469, 0.8503, 0.8466, 0.8506, 0.8483, 0.8513, 0.85, 0.8502], [0.8176, 0.8142, 0.6952, 0.8148, 0.8138, 0.8121, 0.8099, 0.8072, 0.6982, 0.7982, 0.8148, 0.8118, 0.8145, 0.8138, 0.8142, 0.8126, 0.8155, 0.8087, 0.8158, 0.8137, 0.8071, 0.8125]]
Results: 	[[0.4851, 0.7728, 0.7786, 0.7701, 0.776, 0.7729, 0.7743, 0.2292, 0.7731, 0.7728, 0.7695, 0.7723, 0.7141, 0.7721, 0.7676, 0.7732, 0.7708, 0.7718, 0.7718, 0.771, 0.7696, 0.762, 0.7761], [0.8499, 0.8493, 0.8506, 0.8475, 0.8486, 0.8491, 0.848, 0.8387, 0.8498, 0.8485, 0.8482, 0.8341, 0.8499, 0.8412, 0.8469, 0.8503, 0.8466, 0.8506, 0.8483, 0.8513, 0.85, 0.8502, 0.8504], [0.8176, 0.8142, 0.6952, 0.8148, 0.8138, 0.8121, 0.8099, 0.8072, 0.6982, 0.7982, 0.8148, 0.8118, 0.8145, 0.8138, 0.8142, 0.8126, 0.8155, 0.8087, 0.8158, 0.8137, 0.8071, 0.8125, 0.8162]]
Results: 	[[0.4851, 0.7728, 0.7786, 0.7701, 0.776, 0.7729, 0.7743, 0.2292, 0.7731, 0.7728, 0.7695, 0.7723, 0.7141, 0.7721, 0.7676, 0.7732, 0.7708, 0.7718, 0.7718, 0.771, 0.7696, 0.762, 0.7761, 0.7761], [0.8499, 0.8493, 0.8506, 0.8475, 0.8486, 0.8491, 0.848, 0.8387, 0.8498, 0.8485, 0.8482, 0.8341, 0.8499, 0.8412, 0.8469, 0.8503, 0.8466, 0.8506, 0.8483, 0.8513, 0.85, 0.8502, 0.8504, 0.8488], [0.8176, 0.8142, 0.6952, 0.8148, 0.8138, 0.8121, 0.8099, 0.8072, 0.6982, 0.7982, 0.8148, 0.8118, 0.8145, 0.8138, 0.8142, 0.8126, 0.8155, 0.8087, 0.8158, 0.8137, 0.8071, 0.8125, 0.8162, 0.8157]]
Results: 	[[0.4851, 0.7728, 0.7786, 0.7701, 0.776, 0.7729, 0.7743, 0.2292, 0.7731, 0.7728, 0.7695, 0.7723, 0.7141, 0.7721, 0.7676, 0.7732, 0.7708, 0.7718, 0.7718, 0.771, 0.7696, 0.762, 0.7761, 0.7761, 0.2362], [0.8499, 0.8493, 0.8506, 0.8475, 0.8486, 0.8491, 0.848, 0.8387, 0.8498, 0.8485, 0.8482, 0.8341, 0.8499, 0.8412, 0.8469, 0.8503, 0.8466, 0.8506, 0.8483, 0.8513, 0.85, 0.8502, 0.8504, 0.8488, 0.3352], [0.8176, 0.8142, 0.6952, 0.8148, 0.8138, 0.8121, 0.8099, 0.8072, 0.6982, 0.7982, 0.8148, 0.8118, 0.8145, 0.8138, 0.8142, 0.8126, 0.8155, 0.8087, 0.8158, 0.8137, 0.8071, 0.8125, 0.8162, 0.8157, 0.8061]]
Results: 	[[0.4851, 0.7728, 0.7786, 0.7701, 0.776, 0.7729, 0.7743, 0.2292, 0.7731, 0.7728, 0.7695, 0.7723, 0.7141, 0.7721, 0.7676, 0.7732, 0.7708, 0.7718, 0.7718, 0.771, 0.7696, 0.762, 0.7761, 0.7761, 0.2362, 0.7735], [0.8499, 0.8493, 0.8506, 0.8475, 0.8486, 0.8491, 0.848, 0.8387, 0.8498, 0.8485, 0.8482, 0.8341, 0.8499, 0.8412, 0.8469, 0.8503, 0.8466, 0.8506, 0.8483, 0.8513, 0.85, 0.8502, 0.8504, 0.8488, 0.3352, 0.844], [0.8176, 0.8142, 0.6952, 0.8148, 0.8138, 0.8121, 0.8099, 0.8072, 0.6982, 0.7982, 0.8148, 0.8118, 0.8145, 0.8138, 0.8142, 0.8126, 0.8155, 0.8087, 0.8158, 0.8137, 0.8071, 0.8125, 0.8162, 0.8157, 0.8061, 0.8038]]
Results: 	[[0.4851, 0.7728, 0.7786, 0.7701, 0.776, 0.7729, 0.7743, 0.2292, 0.7731, 0.7728, 0.7695, 0.7723, 0.7141, 0.7721, 0.7676, 0.7732, 0.7708, 0.7718, 0.7718, 0.771, 0.7696, 0.762, 0.7761, 0.7761, 0.2362, 0.7735, 0.7712], [0.8499, 0.8493, 0.8506, 0.8475, 0.8486, 0.8491, 0.848, 0.8387, 0.8498, 0.8485, 0.8482, 0.8341, 0.8499, 0.8412, 0.8469, 0.8503, 0.8466, 0.8506, 0.8483, 0.8513, 0.85, 0.8502, 0.8504, 0.8488, 0.3352, 0.844, 0.8508], [0.8176, 0.8142, 0.6952, 0.8148, 0.8138, 0.8121, 0.8099, 0.8072, 0.6982, 0.7982, 0.8148, 0.8118, 0.8145, 0.8138, 0.8142, 0.8126, 0.8155, 0.8087, 0.8158, 0.8137, 0.8071, 0.8125, 0.8162, 0.8157, 0.8061, 0.8038, 0.8132]]
Results: 	[[0.4851, 0.7728, 0.7786, 0.7701, 0.776, 0.7729, 0.7743, 0.2292, 0.7731, 0.7728, 0.7695, 0.7723, 0.7141, 0.7721, 0.7676, 0.7732, 0.7708, 0.7718, 0.7718, 0.771, 0.7696, 0.762, 0.7761, 0.7761, 0.2362, 0.7735, 0.7712, 0.7741], [0.8499, 0.8493, 0.8506, 0.8475, 0.8486, 0.8491, 0.848, 0.8387, 0.8498, 0.8485, 0.8482, 0.8341, 0.8499, 0.8412, 0.8469, 0.8503, 0.8466, 0.8506, 0.8483, 0.8513, 0.85, 0.8502, 0.8504, 0.8488, 0.3352, 0.844, 0.8508, 0.844], [0.8176, 0.8142, 0.6952, 0.8148, 0.8138, 0.8121, 0.8099, 0.8072, 0.6982, 0.7982, 0.8148, 0.8118, 0.8145, 0.8138, 0.8142, 0.8126, 0.8155, 0.8087, 0.8158, 0.8137, 0.8071, 0.8125, 0.8162, 0.8157, 0.8061, 0.8038, 0.8132, 0.813]]
Results: 	[[0.4851, 0.7728, 0.7786, 0.7701, 0.776, 0.7729, 0.7743, 0.2292, 0.7731, 0.7728, 0.7695, 0.7723, 0.7141, 0.7721, 0.7676, 0.7732, 0.7708, 0.7718, 0.7718, 0.771, 0.7696, 0.762, 0.7761, 0.7761, 0.2362, 0.7735, 0.7712, 0.7741, 0.626], [0.8499, 0.8493, 0.8506, 0.8475, 0.8486, 0.8491, 0.848, 0.8387, 0.8498, 0.8485, 0.8482, 0.8341, 0.8499, 0.8412, 0.8469, 0.8503, 0.8466, 0.8506, 0.8483, 0.8513, 0.85, 0.8502, 0.8504, 0.8488, 0.3352, 0.844, 0.8508, 0.844, 0.8492], [0.8176, 0.8142, 0.6952, 0.8148, 0.8138, 0.8121, 0.8099, 0.8072, 0.6982, 0.7982, 0.8148, 0.8118, 0.8145, 0.8138, 0.8142, 0.8126, 0.8155, 0.8087, 0.8158, 0.8137, 0.8071, 0.8125, 0.8162, 0.8157, 0.8061, 0.8038, 0.8132, 0.813, 0.811]]
Results: 	[[0.4851, 0.7728, 0.7786, 0.7701, 0.776, 0.7729, 0.7743, 0.2292, 0.7731, 0.7728, 0.7695, 0.7723, 0.7141, 0.7721, 0.7676, 0.7732, 0.7708, 0.7718, 0.7718, 0.771, 0.7696, 0.762, 0.7761, 0.7761, 0.2362, 0.7735, 0.7712, 0.7741, 0.626, 0.2324], [0.8499, 0.8493, 0.8506, 0.8475, 0.8486, 0.8491, 0.848, 0.8387, 0.8498, 0.8485, 0.8482, 0.8341, 0.8499, 0.8412, 0.8469, 0.8503, 0.8466, 0.8506, 0.8483, 0.8513, 0.85, 0.8502, 0.8504, 0.8488, 0.3352, 0.844, 0.8508, 0.844, 0.8492, 0.8458], [0.8176, 0.8142, 0.6952, 0.8148, 0.8138, 0.8121, 0.8099, 0.8072, 0.6982, 0.7982, 0.8148, 0.8118, 0.8145, 0.8138, 0.8142, 0.8126, 0.8155, 0.8087, 0.8158, 0.8137, 0.8071, 0.8125, 0.8162, 0.8157, 0.8061, 0.8038, 0.8132, 0.813, 0.811, 0.8131]]

-----------------------------------------------------------------
Task                                            Acc         F1      AUROC  (mean±std)
-----------------------------------------------------------------
SR-HSE                                   0.6814±0.1817  0.2094±0.0621  0.7019±0.1666
SR-MMP                                   0.7542±0.0675  0.5009±0.0856  0.8305±0.0921
SR-p53                                   0.7398±0.0809  0.2672±0.0371  0.8043±0.0290

OVERALL AVERAGE                          0.7251              0.3258              0.7789
-----------------------------------------------------------------
