
=================================================================
Variant : GINEConv + CNN  |  10-shot
Dataset : sider  |  K_shot=10
Tasks   : ['Renal and urinary disorders', 'Pregnancy, puerperium and perinatal conditions', 'Ear and labyrinth disorders', 'Cardiac disorders', 'Nervous system disorders', 'Injury, poisoning and procedural complications']
=================================================================
Results: 	[[0.8226], [0.7718], [0.8098], [0.8318], [0.8932], [0.8086]]
Results: 	[[0.8226, 0.8249], [0.7718, 0.772], [0.8098, 0.8101], [0.8318, 0.8325], [0.8932, 0.8944], [0.8086, 0.8111]]
Results: 	[[0.8226, 0.8249, 0.826], [0.7718, 0.772, 0.7684], [0.8098, 0.8101, 0.8099], [0.8318, 0.8325, 0.835], [0.8932, 0.8944, 0.8912], [0.8086, 0.8111, 0.8099]]
Results: 	[[0.8226, 0.8249, 0.826, 0.8249], [0.7718, 0.772, 0.7684, 0.7825], [0.8098, 0.8101, 0.8099, 0.81], [0.8318, 0.8325, 0.835, 0.8325], [0.8932, 0.8944, 0.8912, 0.8918], [0.8086, 0.8111, 0.8099, 0.8128]]
Results: 	[[0.8226, 0.8249, 0.826, 0.8249, 0.8133], [0.7718, 0.772, 0.7684, 0.7825, 0.7723], [0.8098, 0.8101, 0.8099, 0.81, 0.8111], [0.8318, 0.8325, 0.835, 0.8325, 0.831], [0.8932, 0.8944, 0.8912, 0.8918, 0.8893], [0.8086, 0.8111, 0.8099, 0.8128, 0.8113]]
Results: 	[[0.8226, 0.8249, 0.826, 0.8249, 0.8133, 0.8249], [0.7718, 0.772, 0.7684, 0.7825, 0.7723, 0.7699], [0.8098, 0.8101, 0.8099, 0.81, 0.8111, 0.8085], [0.8318, 0.8325, 0.835, 0.8325, 0.831, 0.8309], [0.8932, 0.8944, 0.8912, 0.8918, 0.8893, 0.8906], [0.8086, 0.8111, 0.8099, 0.8128, 0.8113, 0.8084]]
Results: 	[[0.8226, 0.8249, 0.826, 0.8249, 0.8133, 0.8249, 0.828], [0.7718, 0.772, 0.7684, 0.7825, 0.7723, 0.7699, 0.7705], [0.8098, 0.8101, 0.8099, 0.81, 0.8111, 0.8085, 0.809], [0.8318, 0.8325, 0.835, 0.8325, 0.831, 0.8309, 0.8298], [0.8932, 0.8944, 0.8912, 0.8918, 0.8893, 0.8906, 0.892], [0.8086, 0.8111, 0.8099, 0.8128, 0.8113, 0.8084, 0.8123]]
Results: 	[[0.8226, 0.8249, 0.826, 0.8249, 0.8133, 0.8249, 0.828, 0.8256], [0.7718, 0.772, 0.7684, 0.7825, 0.7723, 0.7699, 0.7705, 0.7881], [0.8098, 0.8101, 0.8099, 0.81, 0.8111, 0.8085, 0.809, 0.8078], [0.8318, 0.8325, 0.835, 0.8325, 0.831, 0.8309, 0.8298, 0.8354], [0.8932, 0.8944, 0.8912, 0.8918, 0.8893, 0.8906, 0.892, 0.8881], [0.8086, 0.8111, 0.8099, 0.8128, 0.8113, 0.8084, 0.8123, 0.8115]]
Results: 	[[0.8226, 0.8249, 0.826, 0.8249, 0.8133, 0.8249, 0.828, 0.8256, 0.828], [0.7718, 0.772, 0.7684, 0.7825, 0.7723, 0.7699, 0.7705, 0.7881, 0.7834], [0.8098, 0.8101, 0.8099, 0.81, 0.8111, 0.8085, 0.809, 0.8078, 0.8094], [0.8318, 0.8325, 0.835, 0.8325, 0.831, 0.8309, 0.8298, 0.8354, 0.8329], [0.8932, 0.8944, 0.8912, 0.8918, 0.8893, 0.8906, 0.892, 0.8881, 0.8992], [0.8086, 0.8111, 0.8099, 0.8128, 0.8113, 0.8084, 0.8123, 0.8115, 0.8089]]
Results: 	[[0.8226, 0.8249, 0.826, 0.8249, 0.8133, 0.8249, 0.828, 0.8256, 0.828, 0.8254], [0.7718, 0.772, 0.7684, 0.7825, 0.7723, 0.7699, 0.7705, 0.7881, 0.7834, 0.7736], [0.8098, 0.8101, 0.8099, 0.81, 0.8111, 0.8085, 0.809, 0.8078, 0.8094, 0.8098], [0.8318, 0.8325, 0.835, 0.8325, 0.831, 0.8309, 0.8298, 0.8354, 0.8329, 0.8323], [0.8932, 0.8944, 0.8912, 0.8918, 0.8893, 0.8906, 0.892, 0.8881, 0.8992, 0.887], [0.8086, 0.8111, 0.8099, 0.8128, 0.8113, 0.8084, 0.8123, 0.8115, 0.8089, 0.8096]]
Results: 	[[0.8226, 0.8249, 0.826, 0.8249, 0.8133, 0.8249, 0.828, 0.8256, 0.828, 0.8254, 0.8265], [0.7718, 0.772, 0.7684, 0.7825, 0.7723, 0.7699, 0.7705, 0.7881, 0.7834, 0.7736, 0.7743], [0.8098, 0.8101, 0.8099, 0.81, 0.8111, 0.8085, 0.809, 0.8078, 0.8094, 0.8098, 0.809], [0.8318, 0.8325, 0.835, 0.8325, 0.831, 0.8309, 0.8298, 0.8354, 0.8329, 0.8323, 0.8339], [0.8932, 0.8944, 0.8912, 0.8918, 0.8893, 0.8906, 0.892, 0.8881, 0.8992, 0.887, 0.8907], [0.8086, 0.8111, 0.8099, 0.8128, 0.8113, 0.8084, 0.8123, 0.8115, 0.8089, 0.8096, 0.8098]]
Results: 	[[0.8226, 0.8249, 0.826, 0.8249, 0.8133, 0.8249, 0.828, 0.8256, 0.828, 0.8254, 0.8265, 0.8254], [0.7718, 0.772, 0.7684, 0.7825, 0.7723, 0.7699, 0.7705, 0.7881, 0.7834, 0.7736, 0.7743, 0.7826], [0.8098, 0.8101, 0.8099, 0.81, 0.8111, 0.8085, 0.809, 0.8078, 0.8094, 0.8098, 0.809, 0.8104], [0.8318, 0.8325, 0.835, 0.8325, 0.831, 0.8309, 0.8298, 0.8354, 0.8329, 0.8323, 0.8339, 0.8351], [0.8932, 0.8944, 0.8912, 0.8918, 0.8893, 0.8906, 0.892, 0.8881, 0.8992, 0.887, 0.8907, 0.8983], [0.8086, 0.8111, 0.8099, 0.8128, 0.8113, 0.8084, 0.8123, 0.8115, 0.8089, 0.8096, 0.8098, 0.8094]]
Results: 	[[0.8226, 0.8249, 0.826, 0.8249, 0.8133, 0.8249, 0.828, 0.8256, 0.828, 0.8254, 0.8265, 0.8254, 0.8252], [0.7718, 0.772, 0.7684, 0.7825, 0.7723, 0.7699, 0.7705, 0.7881, 0.7834, 0.7736, 0.7743, 0.7826, 0.5102], [0.8098, 0.8101, 0.8099, 0.81, 0.8111, 0.8085, 0.809, 0.8078, 0.8094, 0.8098, 0.809, 0.8104, 0.8108], [0.8318, 0.8325, 0.835, 0.8325, 0.831, 0.8309, 0.8298, 0.8354, 0.8329, 0.8323, 0.8339, 0.8351, 0.8339], [0.8932, 0.8944, 0.8912, 0.8918, 0.8893, 0.8906, 0.892, 0.8881, 0.8992, 0.887, 0.8907, 0.8983, 0.8884], [0.8086, 0.8111, 0.8099, 0.8128, 0.8113, 0.8084, 0.8123, 0.8115, 0.8089, 0.8096, 0.8098, 0.8094, 0.8111]]
Results: 	[[0.8226, 0.8249, 0.826, 0.8249, 0.8133, 0.8249, 0.828, 0.8256, 0.828, 0.8254, 0.8265, 0.8254, 0.8252, 0.8235], [0.7718, 0.772, 0.7684, 0.7825, 0.7723, 0.7699, 0.7705, 0.7881, 0.7834, 0.7736, 0.7743, 0.7826, 0.5102, 0.784], [0.8098, 0.8101, 0.8099, 0.81, 0.8111, 0.8085, 0.809, 0.8078, 0.8094, 0.8098, 0.809, 0.8104, 0.8108, 0.8098], [0.8318, 0.8325, 0.835, 0.8325, 0.831, 0.8309, 0.8298, 0.8354, 0.8329, 0.8323, 0.8339, 0.8351, 0.8339, 0.8334], [0.8932, 0.8944, 0.8912, 0.8918, 0.8893, 0.8906, 0.892, 0.8881, 0.8992, 0.887, 0.8907, 0.8983, 0.8884, 0.8875], [0.8086, 0.8111, 0.8099, 0.8128, 0.8113, 0.8084, 0.8123, 0.8115, 0.8089, 0.8096, 0.8098, 0.8094, 0.8111, 0.807]]
Results: 	[[0.8226, 0.8249, 0.826, 0.8249, 0.8133, 0.8249, 0.828, 0.8256, 0.828, 0.8254, 0.8265, 0.8254, 0.8252, 0.8235, 0.8272], [0.7718, 0.772, 0.7684, 0.7825, 0.7723, 0.7699, 0.7705, 0.7881, 0.7834, 0.7736, 0.7743, 0.7826, 0.5102, 0.784, 0.7768], [0.8098, 0.8101, 0.8099, 0.81, 0.8111, 0.8085, 0.809, 0.8078, 0.8094, 0.8098, 0.809, 0.8104, 0.8108, 0.8098, 0.8091], [0.8318, 0.8325, 0.835, 0.8325, 0.831, 0.8309, 0.8298, 0.8354, 0.8329, 0.8323, 0.8339, 0.8351, 0.8339, 0.8334, 0.8325], [0.8932, 0.8944, 0.8912, 0.8918, 0.8893, 0.8906, 0.892, 0.8881, 0.8992, 0.887, 0.8907, 0.8983, 0.8884, 0.8875, 0.8982], [0.8086, 0.8111, 0.8099, 0.8128, 0.8113, 0.8084, 0.8123, 0.8115, 0.8089, 0.8096, 0.8098, 0.8094, 0.8111, 0.807, 0.8106]]
Results: 	[[0.8226, 0.8249, 0.826, 0.8249, 0.8133, 0.8249, 0.828, 0.8256, 0.828, 0.8254, 0.8265, 0.8254, 0.8252, 0.8235, 0.8272, 0.8267], [0.7718, 0.772, 0.7684, 0.7825, 0.7723, 0.7699, 0.7705, 0.7881, 0.7834, 0.7736, 0.7743, 0.7826, 0.5102, 0.784, 0.7768, 0.7729], [0.8098, 0.8101, 0.8099, 0.81, 0.8111, 0.8085, 0.809, 0.8078, 0.8094, 0.8098, 0.809, 0.8104, 0.8108, 0.8098, 0.8091, 0.8103], [0.8318, 0.8325, 0.835, 0.8325, 0.831, 0.8309, 0.8298, 0.8354, 0.8329, 0.8323, 0.8339, 0.8351, 0.8339, 0.8334, 0.8325, 0.835], [0.8932, 0.8944, 0.8912, 0.8918, 0.8893, 0.8906, 0.892, 0.8881, 0.8992, 0.887, 0.8907, 0.8983, 0.8884, 0.8875, 0.8982, 0.8947], [0.8086, 0.8111, 0.8099, 0.8128, 0.8113, 0.8084, 0.8123, 0.8115, 0.8089, 0.8096, 0.8098, 0.8094, 0.8111, 0.807, 0.8106, 0.8099]]
Results: 	[[0.8226, 0.8249, 0.826, 0.8249, 0.8133, 0.8249, 0.828, 0.8256, 0.828, 0.8254, 0.8265, 0.8254, 0.8252, 0.8235, 0.8272, 0.8267, 0.826], [0.7718, 0.772, 0.7684, 0.7825, 0.7723, 0.7699, 0.7705, 0.7881, 0.7834, 0.7736, 0.7743, 0.7826, 0.5102, 0.784, 0.7768, 0.7729, 0.772], [0.8098, 0.8101, 0.8099, 0.81, 0.8111, 0.8085, 0.809, 0.8078, 0.8094, 0.8098, 0.809, 0.8104, 0.8108, 0.8098, 0.8091, 0.8103, 0.809], [0.8318, 0.8325, 0.835, 0.8325, 0.831, 0.8309, 0.8298, 0.8354, 0.8329, 0.8323, 0.8339, 0.8351, 0.8339, 0.8334, 0.8325, 0.835, 0.8316], [0.8932, 0.8944, 0.8912, 0.8918, 0.8893, 0.8906, 0.892, 0.8881, 0.8992, 0.887, 0.8907, 0.8983, 0.8884, 0.8875, 0.8982, 0.8947, 0.8919], [0.8086, 0.8111, 0.8099, 0.8128, 0.8113, 0.8084, 0.8123, 0.8115, 0.8089, 0.8096, 0.8098, 0.8094, 0.8111, 0.807, 0.8106, 0.8099, 0.8113]]
Results: 	[[0.8226, 0.8249, 0.826, 0.8249, 0.8133, 0.8249, 0.828, 0.8256, 0.828, 0.8254, 0.8265, 0.8254, 0.8252, 0.8235, 0.8272, 0.8267, 0.826, 0.8251], [0.7718, 0.772, 0.7684, 0.7825, 0.7723, 0.7699, 0.7705, 0.7881, 0.7834, 0.7736, 0.7743, 0.7826, 0.5102, 0.784, 0.7768, 0.7729, 0.772, 0.7787], [0.8098, 0.8101, 0.8099, 0.81, 0.8111, 0.8085, 0.809, 0.8078, 0.8094, 0.8098, 0.809, 0.8104, 0.8108, 0.8098, 0.8091, 0.8103, 0.809, 0.8112], [0.8318, 0.8325, 0.835, 0.8325, 0.831, 0.8309, 0.8298, 0.8354, 0.8329, 0.8323, 0.8339, 0.8351, 0.8339, 0.8334, 0.8325, 0.835, 0.8316, 0.8343], [0.8932, 0.8944, 0.8912, 0.8918, 0.8893, 0.8906, 0.892, 0.8881, 0.8992, 0.887, 0.8907, 0.8983, 0.8884, 0.8875, 0.8982, 0.8947, 0.8919, 0.8949], [0.8086, 0.8111, 0.8099, 0.8128, 0.8113, 0.8084, 0.8123, 0.8115, 0.8089, 0.8096, 0.8098, 0.8094, 0.8111, 0.807, 0.8106, 0.8099, 0.8113, 0.8119]]
Results: 	[[0.8226, 0.8249, 0.826, 0.8249, 0.8133, 0.8249, 0.828, 0.8256, 0.828, 0.8254, 0.8265, 0.8254, 0.8252, 0.8235, 0.8272, 0.8267, 0.826, 0.8251, 0.8243], [0.7718, 0.772, 0.7684, 0.7825, 0.7723, 0.7699, 0.7705, 0.7881, 0.7834, 0.7736, 0.7743, 0.7826, 0.5102, 0.784, 0.7768, 0.7729, 0.772, 0.7787, 0.771], [0.8098, 0.8101, 0.8099, 0.81, 0.8111, 0.8085, 0.809, 0.8078, 0.8094, 0.8098, 0.809, 0.8104, 0.8108, 0.8098, 0.8091, 0.8103, 0.809, 0.8112, 0.808], [0.8318, 0.8325, 0.835, 0.8325, 0.831, 0.8309, 0.8298, 0.8354, 0.8329, 0.8323, 0.8339, 0.8351, 0.8339, 0.8334, 0.8325, 0.835, 0.8316, 0.8343, 0.8325], [0.8932, 0.8944, 0.8912, 0.8918, 0.8893, 0.8906, 0.892, 0.8881, 0.8992, 0.887, 0.8907, 0.8983, 0.8884, 0.8875, 0.8982, 0.8947, 0.8919, 0.8949, 0.8938], [0.8086, 0.8111, 0.8099, 0.8128, 0.8113, 0.8084, 0.8123, 0.8115, 0.8089, 0.8096, 0.8098, 0.8094, 0.8111, 0.807, 0.8106, 0.8099, 0.8113, 0.8119, 0.8095]]
Results: 	[[0.8226, 0.8249, 0.826, 0.8249, 0.8133, 0.8249, 0.828, 0.8256, 0.828, 0.8254, 0.8265, 0.8254, 0.8252, 0.8235, 0.8272, 0.8267, 0.826, 0.8251, 0.8243, 0.827], [0.7718, 0.772, 0.7684, 0.7825, 0.7723, 0.7699, 0.7705, 0.7881, 0.7834, 0.7736, 0.7743, 0.7826, 0.5102, 0.784, 0.7768, 0.7729, 0.772, 0.7787, 0.771, 0.7786], [0.8098, 0.8101, 0.8099, 0.81, 0.8111, 0.8085, 0.809, 0.8078, 0.8094, 0.8098, 0.809, 0.8104, 0.8108, 0.8098, 0.8091, 0.8103, 0.809, 0.8112, 0.808, 0.8106], [0.8318, 0.8325, 0.835, 0.8325, 0.831, 0.8309, 0.8298, 0.8354, 0.8329, 0.8323, 0.8339, 0.8351, 0.8339, 0.8334, 0.8325, 0.835, 0.8316, 0.8343, 0.8325, 0.8344], [0.8932, 0.8944, 0.8912, 0.8918, 0.8893, 0.8906, 0.892, 0.8881, 0.8992, 0.887, 0.8907, 0.8983, 0.8884, 0.8875, 0.8982, 0.8947, 0.8919, 0.8949, 0.8938, 0.8907], [0.8086, 0.8111, 0.8099, 0.8128, 0.8113, 0.8084, 0.8123, 0.8115, 0.8089, 0.8096, 0.8098, 0.8094, 0.8111, 0.807, 0.8106, 0.8099, 0.8113, 0.8119, 0.8095, 0.8083]]
Results: 	[[0.8226, 0.8249, 0.826, 0.8249, 0.8133, 0.8249, 0.828, 0.8256, 0.828, 0.8254, 0.8265, 0.8254, 0.8252, 0.8235, 0.8272, 0.8267, 0.826, 0.8251, 0.8243, 0.827, 0.827], [0.7718, 0.772, 0.7684, 0.7825, 0.7723, 0.7699, 0.7705, 0.7881, 0.7834, 0.7736, 0.7743, 0.7826, 0.5102, 0.784, 0.7768, 0.7729, 0.772, 0.7787, 0.771, 0.7786, 0.7733], [0.8098, 0.8101, 0.8099, 0.81, 0.8111, 0.8085, 0.809, 0.8078, 0.8094, 0.8098, 0.809, 0.8104, 0.8108, 0.8098, 0.8091, 0.8103, 0.809, 0.8112, 0.808, 0.8106, 0.812], [0.8318, 0.8325, 0.835, 0.8325, 0.831, 0.8309, 0.8298, 0.8354, 0.8329, 0.8323, 0.8339, 0.8351, 0.8339, 0.8334, 0.8325, 0.835, 0.8316, 0.8343, 0.8325, 0.8344, 0.8343], [0.8932, 0.8944, 0.8912, 0.8918, 0.8893, 0.8906, 0.892, 0.8881, 0.8992, 0.887, 0.8907, 0.8983, 0.8884, 0.8875, 0.8982, 0.8947, 0.8919, 0.8949, 0.8938, 0.8907, 0.888], [0.8086, 0.8111, 0.8099, 0.8128, 0.8113, 0.8084, 0.8123, 0.8115, 0.8089, 0.8096, 0.8098, 0.8094, 0.8111, 0.807, 0.8106, 0.8099, 0.8113, 0.8119, 0.8095, 0.8083, 0.8107]]
Results: 	[[0.8226, 0.8249, 0.826, 0.8249, 0.8133, 0.8249, 0.828, 0.8256, 0.828, 0.8254, 0.8265, 0.8254, 0.8252, 0.8235, 0.8272, 0.8267, 0.826, 0.8251, 0.8243, 0.827, 0.827, 0.829], [0.7718, 0.772, 0.7684, 0.7825, 0.7723, 0.7699, 0.7705, 0.7881, 0.7834, 0.7736, 0.7743, 0.7826, 0.5102, 0.784, 0.7768, 0.7729, 0.772, 0.7787, 0.771, 0.7786, 0.7733, 0.778], [0.8098, 0.8101, 0.8099, 0.81, 0.8111, 0.8085, 0.809, 0.8078, 0.8094, 0.8098, 0.809, 0.8104, 0.8108, 0.8098, 0.8091, 0.8103, 0.809, 0.8112, 0.808, 0.8106, 0.812, 0.8133], [0.8318, 0.8325, 0.835, 0.8325, 0.831, 0.8309, 0.8298, 0.8354, 0.8329, 0.8323, 0.8339, 0.8351, 0.8339, 0.8334, 0.8325, 0.835, 0.8316, 0.8343, 0.8325, 0.8344, 0.8343, 0.834], [0.8932, 0.8944, 0.8912, 0.8918, 0.8893, 0.8906, 0.892, 0.8881, 0.8992, 0.887, 0.8907, 0.8983, 0.8884, 0.8875, 0.8982, 0.8947, 0.8919, 0.8949, 0.8938, 0.8907, 0.888, 0.89], [0.8086, 0.8111, 0.8099, 0.8128, 0.8113, 0.8084, 0.8123, 0.8115, 0.8089, 0.8096, 0.8098, 0.8094, 0.8111, 0.807, 0.8106, 0.8099, 0.8113, 0.8119, 0.8095, 0.8083, 0.8107, 0.8106]]
Results: 	[[0.8226, 0.8249, 0.826, 0.8249, 0.8133, 0.8249, 0.828, 0.8256, 0.828, 0.8254, 0.8265, 0.8254, 0.8252, 0.8235, 0.8272, 0.8267, 0.826, 0.8251, 0.8243, 0.827, 0.827, 0.829, 0.8235], [0.7718, 0.772, 0.7684, 0.7825, 0.7723, 0.7699, 0.7705, 0.7881, 0.7834, 0.7736, 0.7743, 0.7826, 0.5102, 0.784, 0.7768, 0.7729, 0.772, 0.7787, 0.771, 0.7786, 0.7733, 0.778, 0.7733], [0.8098, 0.8101, 0.8099, 0.81, 0.8111, 0.8085, 0.809, 0.8078, 0.8094, 0.8098, 0.809, 0.8104, 0.8108, 0.8098, 0.8091, 0.8103, 0.809, 0.8112, 0.808, 0.8106, 0.812, 0.8133, 0.8129], [0.8318, 0.8325, 0.835, 0.8325, 0.831, 0.8309, 0.8298, 0.8354, 0.8329, 0.8323, 0.8339, 0.8351, 0.8339, 0.8334, 0.8325, 0.835, 0.8316, 0.8343, 0.8325, 0.8344, 0.8343, 0.834, 0.8351], [0.8932, 0.8944, 0.8912, 0.8918, 0.8893, 0.8906, 0.892, 0.8881, 0.8992, 0.887, 0.8907, 0.8983, 0.8884, 0.8875, 0.8982, 0.8947, 0.8919, 0.8949, 0.8938, 0.8907, 0.888, 0.89, 0.8947], [0.8086, 0.8111, 0.8099, 0.8128, 0.8113, 0.8084, 0.8123, 0.8115, 0.8089, 0.8096, 0.8098, 0.8094, 0.8111, 0.807, 0.8106, 0.8099, 0.8113, 0.8119, 0.8095, 0.8083, 0.8107, 0.8106, 0.8097]]
Results: 	[[0.8226, 0.8249, 0.826, 0.8249, 0.8133, 0.8249, 0.828, 0.8256, 0.828, 0.8254, 0.8265, 0.8254, 0.8252, 0.8235, 0.8272, 0.8267, 0.826, 0.8251, 0.8243, 0.827, 0.827, 0.829, 0.8235, 0.8298], [0.7718, 0.772, 0.7684, 0.7825, 0.7723, 0.7699, 0.7705, 0.7881, 0.7834, 0.7736, 0.7743, 0.7826, 0.5102, 0.784, 0.7768, 0.7729, 0.772, 0.7787, 0.771, 0.7786, 0.7733, 0.778, 0.7733, 0.772], [0.8098, 0.8101, 0.8099, 0.81, 0.8111, 0.8085, 0.809, 0.8078, 0.8094, 0.8098, 0.809, 0.8104, 0.8108, 0.8098, 0.8091, 0.8103, 0.809, 0.8112, 0.808, 0.8106, 0.812, 0.8133, 0.8129, 0.807], [0.8318, 0.8325, 0.835, 0.8325, 0.831, 0.8309, 0.8298, 0.8354, 0.8329, 0.8323, 0.8339, 0.8351, 0.8339, 0.8334, 0.8325, 0.835, 0.8316, 0.8343, 0.8325, 0.8344, 0.8343, 0.834, 0.8351, 0.8328], [0.8932, 0.8944, 0.8912, 0.8918, 0.8893, 0.8906, 0.892, 0.8881, 0.8992, 0.887, 0.8907, 0.8983, 0.8884, 0.8875, 0.8982, 0.8947, 0.8919, 0.8949, 0.8938, 0.8907, 0.888, 0.89, 0.8947, 0.8992], [0.8086, 0.8111, 0.8099, 0.8128, 0.8113, 0.8084, 0.8123, 0.8115, 0.8089, 0.8096, 0.8098, 0.8094, 0.8111, 0.807, 0.8106, 0.8099, 0.8113, 0.8119, 0.8095, 0.8083, 0.8107, 0.8106, 0.8097, 0.8096]]
Results: 	[[0.8226, 0.8249, 0.826, 0.8249, 0.8133, 0.8249, 0.828, 0.8256, 0.828, 0.8254, 0.8265, 0.8254, 0.8252, 0.8235, 0.8272, 0.8267, 0.826, 0.8251, 0.8243, 0.827, 0.827, 0.829, 0.8235, 0.8298, 0.8269], [0.7718, 0.772, 0.7684, 0.7825, 0.7723, 0.7699, 0.7705, 0.7881, 0.7834, 0.7736, 0.7743, 0.7826, 0.5102, 0.784, 0.7768, 0.7729, 0.772, 0.7787, 0.771, 0.7786, 0.7733, 0.778, 0.7733, 0.772, 0.7776], [0.8098, 0.8101, 0.8099, 0.81, 0.8111, 0.8085, 0.809, 0.8078, 0.8094, 0.8098, 0.809, 0.8104, 0.8108, 0.8098, 0.8091, 0.8103, 0.809, 0.8112, 0.808, 0.8106, 0.812, 0.8133, 0.8129, 0.807, 0.8105], [0.8318, 0.8325, 0.835, 0.8325, 0.831, 0.8309, 0.8298, 0.8354, 0.8329, 0.8323, 0.8339, 0.8351, 0.8339, 0.8334, 0.8325, 0.835, 0.8316, 0.8343, 0.8325, 0.8344, 0.8343, 0.834, 0.8351, 0.8328, 0.8353], [0.8932, 0.8944, 0.8912, 0.8918, 0.8893, 0.8906, 0.892, 0.8881, 0.8992, 0.887, 0.8907, 0.8983, 0.8884, 0.8875, 0.8982, 0.8947, 0.8919, 0.8949, 0.8938, 0.8907, 0.888, 0.89, 0.8947, 0.8992, 0.8891], [0.8086, 0.8111, 0.8099, 0.8128, 0.8113, 0.8084, 0.8123, 0.8115, 0.8089, 0.8096, 0.8098, 0.8094, 0.8111, 0.807, 0.8106, 0.8099, 0.8113, 0.8119, 0.8095, 0.8083, 0.8107, 0.8106, 0.8097, 0.8096, 0.8099]]
Results: 	[[0.8226, 0.8249, 0.826, 0.8249, 0.8133, 0.8249, 0.828, 0.8256, 0.828, 0.8254, 0.8265, 0.8254, 0.8252, 0.8235, 0.8272, 0.8267, 0.826, 0.8251, 0.8243, 0.827, 0.827, 0.829, 0.8235, 0.8298, 0.8269, 0.8255], [0.7718, 0.772, 0.7684, 0.7825, 0.7723, 0.7699, 0.7705, 0.7881, 0.7834, 0.7736, 0.7743, 0.7826, 0.5102, 0.784, 0.7768, 0.7729, 0.772, 0.7787, 0.771, 0.7786, 0.7733, 0.778, 0.7733, 0.772, 0.7776, 0.7713], [0.8098, 0.8101, 0.8099, 0.81, 0.8111, 0.8085, 0.809, 0.8078, 0.8094, 0.8098, 0.809, 0.8104, 0.8108, 0.8098, 0.8091, 0.8103, 0.809, 0.8112, 0.808, 0.8106, 0.812, 0.8133, 0.8129, 0.807, 0.8105, 0.8057], [0.8318, 0.8325, 0.835, 0.8325, 0.831, 0.8309, 0.8298, 0.8354, 0.8329, 0.8323, 0.8339, 0.8351, 0.8339, 0.8334, 0.8325, 0.835, 0.8316, 0.8343, 0.8325, 0.8344, 0.8343, 0.834, 0.8351, 0.8328, 0.8353, 0.8278], [0.8932, 0.8944, 0.8912, 0.8918, 0.8893, 0.8906, 0.892, 0.8881, 0.8992, 0.887, 0.8907, 0.8983, 0.8884, 0.8875, 0.8982, 0.8947, 0.8919, 0.8949, 0.8938, 0.8907, 0.888, 0.89, 0.8947, 0.8992, 0.8891, 0.8913], [0.8086, 0.8111, 0.8099, 0.8128, 0.8113, 0.8084, 0.8123, 0.8115, 0.8089, 0.8096, 0.8098, 0.8094, 0.8111, 0.807, 0.8106, 0.8099, 0.8113, 0.8119, 0.8095, 0.8083, 0.8107, 0.8106, 0.8097, 0.8096, 0.8099, 0.8101]]
Results: 	[[0.8226, 0.8249, 0.826, 0.8249, 0.8133, 0.8249, 0.828, 0.8256, 0.828, 0.8254, 0.8265, 0.8254, 0.8252, 0.8235, 0.8272, 0.8267, 0.826, 0.8251, 0.8243, 0.827, 0.827, 0.829, 0.8235, 0.8298, 0.8269, 0.8255, 0.8275], [0.7718, 0.772, 0.7684, 0.7825, 0.7723, 0.7699, 0.7705, 0.7881, 0.7834, 0.7736, 0.7743, 0.7826, 0.5102, 0.784, 0.7768, 0.7729, 0.772, 0.7787, 0.771, 0.7786, 0.7733, 0.778, 0.7733, 0.772, 0.7776, 0.7713, 0.7679], [0.8098, 0.8101, 0.8099, 0.81, 0.8111, 0.8085, 0.809, 0.8078, 0.8094, 0.8098, 0.809, 0.8104, 0.8108, 0.8098, 0.8091, 0.8103, 0.809, 0.8112, 0.808, 0.8106, 0.812, 0.8133, 0.8129, 0.807, 0.8105, 0.8057, 0.805], [0.8318, 0.8325, 0.835, 0.8325, 0.831, 0.8309, 0.8298, 0.8354, 0.8329, 0.8323, 0.8339, 0.8351, 0.8339, 0.8334, 0.8325, 0.835, 0.8316, 0.8343, 0.8325, 0.8344, 0.8343, 0.834, 0.8351, 0.8328, 0.8353, 0.8278, 0.8364], [0.8932, 0.8944, 0.8912, 0.8918, 0.8893, 0.8906, 0.892, 0.8881, 0.8992, 0.887, 0.8907, 0.8983, 0.8884, 0.8875, 0.8982, 0.8947, 0.8919, 0.8949, 0.8938, 0.8907, 0.888, 0.89, 0.8947, 0.8992, 0.8891, 0.8913, 0.8929], [0.8086, 0.8111, 0.8099, 0.8128, 0.8113, 0.8084, 0.8123, 0.8115, 0.8089, 0.8096, 0.8098, 0.8094, 0.8111, 0.807, 0.8106, 0.8099, 0.8113, 0.8119, 0.8095, 0.8083, 0.8107, 0.8106, 0.8097, 0.8096, 0.8099, 0.8101, 0.8079]]
Results: 	[[0.8226, 0.8249, 0.826, 0.8249, 0.8133, 0.8249, 0.828, 0.8256, 0.828, 0.8254, 0.8265, 0.8254, 0.8252, 0.8235, 0.8272, 0.8267, 0.826, 0.8251, 0.8243, 0.827, 0.827, 0.829, 0.8235, 0.8298, 0.8269, 0.8255, 0.8275, 0.8126], [0.7718, 0.772, 0.7684, 0.7825, 0.7723, 0.7699, 0.7705, 0.7881, 0.7834, 0.7736, 0.7743, 0.7826, 0.5102, 0.784, 0.7768, 0.7729, 0.772, 0.7787, 0.771, 0.7786, 0.7733, 0.778, 0.7733, 0.772, 0.7776, 0.7713, 0.7679, 0.7753], [0.8098, 0.8101, 0.8099, 0.81, 0.8111, 0.8085, 0.809, 0.8078, 0.8094, 0.8098, 0.809, 0.8104, 0.8108, 0.8098, 0.8091, 0.8103, 0.809, 0.8112, 0.808, 0.8106, 0.812, 0.8133, 0.8129, 0.807, 0.8105, 0.8057, 0.805, 0.8123], [0.8318, 0.8325, 0.835, 0.8325, 0.831, 0.8309, 0.8298, 0.8354, 0.8329, 0.8323, 0.8339, 0.8351, 0.8339, 0.8334, 0.8325, 0.835, 0.8316, 0.8343, 0.8325, 0.8344, 0.8343, 0.834, 0.8351, 0.8328, 0.8353, 0.8278, 0.8364, 0.8349], [0.8932, 0.8944, 0.8912, 0.8918, 0.8893, 0.8906, 0.892, 0.8881, 0.8992, 0.887, 0.8907, 0.8983, 0.8884, 0.8875, 0.8982, 0.8947, 0.8919, 0.8949, 0.8938, 0.8907, 0.888, 0.89, 0.8947, 0.8992, 0.8891, 0.8913, 0.8929, 0.8882], [0.8086, 0.8111, 0.8099, 0.8128, 0.8113, 0.8084, 0.8123, 0.8115, 0.8089, 0.8096, 0.8098, 0.8094, 0.8111, 0.807, 0.8106, 0.8099, 0.8113, 0.8119, 0.8095, 0.8083, 0.8107, 0.8106, 0.8097, 0.8096, 0.8099, 0.8101, 0.8079, 0.8111]]
Results: 	[[0.8226, 0.8249, 0.826, 0.8249, 0.8133, 0.8249, 0.828, 0.8256, 0.828, 0.8254, 0.8265, 0.8254, 0.8252, 0.8235, 0.8272, 0.8267, 0.826, 0.8251, 0.8243, 0.827, 0.827, 0.829, 0.8235, 0.8298, 0.8269, 0.8255, 0.8275, 0.8126, 0.8275], [0.7718, 0.772, 0.7684, 0.7825, 0.7723, 0.7699, 0.7705, 0.7881, 0.7834, 0.7736, 0.7743, 0.7826, 0.5102, 0.784, 0.7768, 0.7729, 0.772, 0.7787, 0.771, 0.7786, 0.7733, 0.778, 0.7733, 0.772, 0.7776, 0.7713, 0.7679, 0.7753, 0.7734], [0.8098, 0.8101, 0.8099, 0.81, 0.8111, 0.8085, 0.809, 0.8078, 0.8094, 0.8098, 0.809, 0.8104, 0.8108, 0.8098, 0.8091, 0.8103, 0.809, 0.8112, 0.808, 0.8106, 0.812, 0.8133, 0.8129, 0.807, 0.8105, 0.8057, 0.805, 0.8123, 0.8094], [0.8318, 0.8325, 0.835, 0.8325, 0.831, 0.8309, 0.8298, 0.8354, 0.8329, 0.8323, 0.8339, 0.8351, 0.8339, 0.8334, 0.8325, 0.835, 0.8316, 0.8343, 0.8325, 0.8344, 0.8343, 0.834, 0.8351, 0.8328, 0.8353, 0.8278, 0.8364, 0.8349, 0.8344], [0.8932, 0.8944, 0.8912, 0.8918, 0.8893, 0.8906, 0.892, 0.8881, 0.8992, 0.887, 0.8907, 0.8983, 0.8884, 0.8875, 0.8982, 0.8947, 0.8919, 0.8949, 0.8938, 0.8907, 0.888, 0.89, 0.8947, 0.8992, 0.8891, 0.8913, 0.8929, 0.8882, 0.8979], [0.8086, 0.8111, 0.8099, 0.8128, 0.8113, 0.8084, 0.8123, 0.8115, 0.8089, 0.8096, 0.8098, 0.8094, 0.8111, 0.807, 0.8106, 0.8099, 0.8113, 0.8119, 0.8095, 0.8083, 0.8107, 0.8106, 0.8097, 0.8096, 0.8099, 0.8101, 0.8079, 0.8111, 0.8074]]
Results: 	[[0.8226, 0.8249, 0.826, 0.8249, 0.8133, 0.8249, 0.828, 0.8256, 0.828, 0.8254, 0.8265, 0.8254, 0.8252, 0.8235, 0.8272, 0.8267, 0.826, 0.8251, 0.8243, 0.827, 0.827, 0.829, 0.8235, 0.8298, 0.8269, 0.8255, 0.8275, 0.8126, 0.8275, 0.8248], [0.7718, 0.772, 0.7684, 0.7825, 0.7723, 0.7699, 0.7705, 0.7881, 0.7834, 0.7736, 0.7743, 0.7826, 0.5102, 0.784, 0.7768, 0.7729, 0.772, 0.7787, 0.771, 0.7786, 0.7733, 0.778, 0.7733, 0.772, 0.7776, 0.7713, 0.7679, 0.7753, 0.7734, 0.7698], [0.8098, 0.8101, 0.8099, 0.81, 0.8111, 0.8085, 0.809, 0.8078, 0.8094, 0.8098, 0.809, 0.8104, 0.8108, 0.8098, 0.8091, 0.8103, 0.809, 0.8112, 0.808, 0.8106, 0.812, 0.8133, 0.8129, 0.807, 0.8105, 0.8057, 0.805, 0.8123, 0.8094, 0.807], [0.8318, 0.8325, 0.835, 0.8325, 0.831, 0.8309, 0.8298, 0.8354, 0.8329, 0.8323, 0.8339, 0.8351, 0.8339, 0.8334, 0.8325, 0.835, 0.8316, 0.8343, 0.8325, 0.8344, 0.8343, 0.834, 0.8351, 0.8328, 0.8353, 0.8278, 0.8364, 0.8349, 0.8344, 0.8362], [0.8932, 0.8944, 0.8912, 0.8918, 0.8893, 0.8906, 0.892, 0.8881, 0.8992, 0.887, 0.8907, 0.8983, 0.8884, 0.8875, 0.8982, 0.8947, 0.8919, 0.8949, 0.8938, 0.8907, 0.888, 0.89, 0.8947, 0.8992, 0.8891, 0.8913, 0.8929, 0.8882, 0.8979, 0.8953], [0.8086, 0.8111, 0.8099, 0.8128, 0.8113, 0.8084, 0.8123, 0.8115, 0.8089, 0.8096, 0.8098, 0.8094, 0.8111, 0.807, 0.8106, 0.8099, 0.8113, 0.8119, 0.8095, 0.8083, 0.8107, 0.8106, 0.8097, 0.8096, 0.8099, 0.8101, 0.8079, 0.8111, 0.8074, 0.8132]]

-----------------------------------------------------------------
Task                                            Acc         F1      AUROC  (mean±std)
-----------------------------------------------------------------
Renal and urinary disorders              0.7477±0.0280  0.7908±0.0392  0.8252±0.0036
Pregnancy, puerperium and perinatal conditions 0.7267±0.0763  0.2937±0.0279  0.7662±0.0478
Ear and labyrinth disorders              0.7286±0.0084  0.7102±0.0235  0.8096±0.0019
Cardiac disorders                        0.7513±0.0327  0.8092±0.0399  0.8334±0.0019
Nervous system disorders                 0.8122±0.0266  0.8883±0.0185  0.8924±0.0036
Injury, poisoning and procedural complications 0.7220±0.0344  0.7701±0.0477  0.8101±0.0015

OVERALL AVERAGE                          0.7481              0.7104              0.8228
-----------------------------------------------------------------
