
=================================================================
Variant : GINEConv + CNN  |  10-shot
Dataset : tox21  |  K_shot=10
Tasks   : ['SR-HSE', 'SR-MMP', 'SR-p53']
=================================================================
Results: 	[[0.766], [0.8282], [0.8057]]
Results: 	[[0.766, 0.759], [0.8282, 0.8194], [0.8057, 0.7868]]
Results: 	[[0.766, 0.759, 0.7596], [0.8282, 0.8194, 0.8235], [0.8057, 0.7868, 0.7982]]
Results: 	[[0.766, 0.759, 0.7596, 0.7673], [0.8282, 0.8194, 0.8235, 0.8251], [0.8057, 0.7868, 0.7982, 0.81]]
Results: 	[[0.766, 0.759, 0.7596, 0.7673, 0.7726], [0.8282, 0.8194, 0.8235, 0.8251, 0.8319], [0.8057, 0.7868, 0.7982, 0.81, 0.8043]]
Results: 	[[0.766, 0.759, 0.7596, 0.7673, 0.7726, 0.7729], [0.8282, 0.8194, 0.8235, 0.8251, 0.8319, 0.8263], [0.8057, 0.7868, 0.7982, 0.81, 0.8043, 0.8087]]
Results: 	[[0.766, 0.759, 0.7596, 0.7673, 0.7726, 0.7729, 0.76], [0.8282, 0.8194, 0.8235, 0.8251, 0.8319, 0.8263, 0.826], [0.8057, 0.7868, 0.7982, 0.81, 0.8043, 0.8087, 0.8106]]
Results: 	[[0.766, 0.759, 0.7596, 0.7673, 0.7726, 0.7729, 0.76, 0.7615], [0.8282, 0.8194, 0.8235, 0.8251, 0.8319, 0.8263, 0.826, 0.8239], [0.8057, 0.7868, 0.7982, 0.81, 0.8043, 0.8087, 0.8106, 0.8068]]
Results: 	[[0.766, 0.759, 0.7596, 0.7673, 0.7726, 0.7729, 0.76, 0.7615, 0.767], [0.8282, 0.8194, 0.8235, 0.8251, 0.8319, 0.8263, 0.826, 0.8239, 0.83], [0.8057, 0.7868, 0.7982, 0.81, 0.8043, 0.8087, 0.8106, 0.8068, 0.8097]]
Results: 	[[0.766, 0.759, 0.7596, 0.7673, 0.7726, 0.7729, 0.76, 0.7615, 0.767, 0.769], [0.8282, 0.8194, 0.8235, 0.8251, 0.8319, 0.8263, 0.826, 0.8239, 0.83, 0.8278], [0.8057, 0.7868, 0.7982, 0.81, 0.8043, 0.8087, 0.8106, 0.8068, 0.8097, 0.8078]]
Results: 	[[0.766, 0.759, 0.7596, 0.7673, 0.7726, 0.7729, 0.76, 0.7615, 0.767, 0.769, 0.7668], [0.8282, 0.8194, 0.8235, 0.8251, 0.8319, 0.8263, 0.826, 0.8239, 0.83, 0.8278, 0.8228], [0.8057, 0.7868, 0.7982, 0.81, 0.8043, 0.8087, 0.8106, 0.8068, 0.8097, 0.8078, 0.8075]]
Results: 	[[0.766, 0.759, 0.7596, 0.7673, 0.7726, 0.7729, 0.76, 0.7615, 0.767, 0.769, 0.7668, 0.7637], [0.8282, 0.8194, 0.8235, 0.8251, 0.8319, 0.8263, 0.826, 0.8239, 0.83, 0.8278, 0.8228, 0.8254], [0.8057, 0.7868, 0.7982, 0.81, 0.8043, 0.8087, 0.8106, 0.8068, 0.8097, 0.8078, 0.8075, 0.8076]]
Results: 	[[0.766, 0.759, 0.7596, 0.7673, 0.7726, 0.7729, 0.76, 0.7615, 0.767, 0.769, 0.7668, 0.7637, 0.7671], [0.8282, 0.8194, 0.8235, 0.8251, 0.8319, 0.8263, 0.826, 0.8239, 0.83, 0.8278, 0.8228, 0.8254, 0.8234], [0.8057, 0.7868, 0.7982, 0.81, 0.8043, 0.8087, 0.8106, 0.8068, 0.8097, 0.8078, 0.8075, 0.8076, 0.8117]]
Results: 	[[0.766, 0.759, 0.7596, 0.7673, 0.7726, 0.7729, 0.76, 0.7615, 0.767, 0.769, 0.7668, 0.7637, 0.7671, 0.7689], [0.8282, 0.8194, 0.8235, 0.8251, 0.8319, 0.8263, 0.826, 0.8239, 0.83, 0.8278, 0.8228, 0.8254, 0.8234, 0.8231], [0.8057, 0.7868, 0.7982, 0.81, 0.8043, 0.8087, 0.8106, 0.8068, 0.8097, 0.8078, 0.8075, 0.8076, 0.8117, 0.8105]]
Results: 	[[0.766, 0.759, 0.7596, 0.7673, 0.7726, 0.7729, 0.76, 0.7615, 0.767, 0.769, 0.7668, 0.7637, 0.7671, 0.7689, 0.7673], [0.8282, 0.8194, 0.8235, 0.8251, 0.8319, 0.8263, 0.826, 0.8239, 0.83, 0.8278, 0.8228, 0.8254, 0.8234, 0.8231, 0.8289], [0.8057, 0.7868, 0.7982, 0.81, 0.8043, 0.8087, 0.8106, 0.8068, 0.8097, 0.8078, 0.8075, 0.8076, 0.8117, 0.8105, 0.8064]]
Results: 	[[0.766, 0.759, 0.7596, 0.7673, 0.7726, 0.7729, 0.76, 0.7615, 0.767, 0.769, 0.7668, 0.7637, 0.7671, 0.7689, 0.7673, 0.7393], [0.8282, 0.8194, 0.8235, 0.8251, 0.8319, 0.8263, 0.826, 0.8239, 0.83, 0.8278, 0.8228, 0.8254, 0.8234, 0.8231, 0.8289, 0.8282], [0.8057, 0.7868, 0.7982, 0.81, 0.8043, 0.8087, 0.8106, 0.8068, 0.8097, 0.8078, 0.8075, 0.8076, 0.8117, 0.8105, 0.8064, 0.8085]]
Results: 	[[0.766, 0.759, 0.7596, 0.7673, 0.7726, 0.7729, 0.76, 0.7615, 0.767, 0.769, 0.7668, 0.7637, 0.7671, 0.7689, 0.7673, 0.7393, 0.7596], [0.8282, 0.8194, 0.8235, 0.8251, 0.8319, 0.8263, 0.826, 0.8239, 0.83, 0.8278, 0.8228, 0.8254, 0.8234, 0.8231, 0.8289, 0.8282, 0.8224], [0.8057, 0.7868, 0.7982, 0.81, 0.8043, 0.8087, 0.8106, 0.8068, 0.8097, 0.8078, 0.8075, 0.8076, 0.8117, 0.8105, 0.8064, 0.8085, 0.8065]]
Results: 	[[0.766, 0.759, 0.7596, 0.7673, 0.7726, 0.7729, 0.76, 0.7615, 0.767, 0.769, 0.7668, 0.7637, 0.7671, 0.7689, 0.7673, 0.7393, 0.7596, 0.7611], [0.8282, 0.8194, 0.8235, 0.8251, 0.8319, 0.8263, 0.826, 0.8239, 0.83, 0.8278, 0.8228, 0.8254, 0.8234, 0.8231, 0.8289, 0.8282, 0.8224, 0.8308], [0.8057, 0.7868, 0.7982, 0.81, 0.8043, 0.8087, 0.8106, 0.8068, 0.8097, 0.8078, 0.8075, 0.8076, 0.8117, 0.8105, 0.8064, 0.8085, 0.8065, 0.8056]]
Results: 	[[0.766, 0.759, 0.7596, 0.7673, 0.7726, 0.7729, 0.76, 0.7615, 0.767, 0.769, 0.7668, 0.7637, 0.7671, 0.7689, 0.7673, 0.7393, 0.7596, 0.7611, 0.7684], [0.8282, 0.8194, 0.8235, 0.8251, 0.8319, 0.8263, 0.826, 0.8239, 0.83, 0.8278, 0.8228, 0.8254, 0.8234, 0.8231, 0.8289, 0.8282, 0.8224, 0.8308, 0.832], [0.8057, 0.7868, 0.7982, 0.81, 0.8043, 0.8087, 0.8106, 0.8068, 0.8097, 0.8078, 0.8075, 0.8076, 0.8117, 0.8105, 0.8064, 0.8085, 0.8065, 0.8056, 0.8079]]
Results: 	[[0.766, 0.759, 0.7596, 0.7673, 0.7726, 0.7729, 0.76, 0.7615, 0.767, 0.769, 0.7668, 0.7637, 0.7671, 0.7689, 0.7673, 0.7393, 0.7596, 0.7611, 0.7684, 0.7704], [0.8282, 0.8194, 0.8235, 0.8251, 0.8319, 0.8263, 0.826, 0.8239, 0.83, 0.8278, 0.8228, 0.8254, 0.8234, 0.8231, 0.8289, 0.8282, 0.8224, 0.8308, 0.832, 0.8289], [0.8057, 0.7868, 0.7982, 0.81, 0.8043, 0.8087, 0.8106, 0.8068, 0.8097, 0.8078, 0.8075, 0.8076, 0.8117, 0.8105, 0.8064, 0.8085, 0.8065, 0.8056, 0.8079, 0.8099]]
Results: 	[[0.766, 0.759, 0.7596, 0.7673, 0.7726, 0.7729, 0.76, 0.7615, 0.767, 0.769, 0.7668, 0.7637, 0.7671, 0.7689, 0.7673, 0.7393, 0.7596, 0.7611, 0.7684, 0.7704, 0.7644], [0.8282, 0.8194, 0.8235, 0.8251, 0.8319, 0.8263, 0.826, 0.8239, 0.83, 0.8278, 0.8228, 0.8254, 0.8234, 0.8231, 0.8289, 0.8282, 0.8224, 0.8308, 0.832, 0.8289, 0.8207], [0.8057, 0.7868, 0.7982, 0.81, 0.8043, 0.8087, 0.8106, 0.8068, 0.8097, 0.8078, 0.8075, 0.8076, 0.8117, 0.8105, 0.8064, 0.8085, 0.8065, 0.8056, 0.8079, 0.8099, 0.8077]]
Results: 	[[0.766, 0.759, 0.7596, 0.7673, 0.7726, 0.7729, 0.76, 0.7615, 0.767, 0.769, 0.7668, 0.7637, 0.7671, 0.7689, 0.7673, 0.7393, 0.7596, 0.7611, 0.7684, 0.7704, 0.7644, 0.7584], [0.8282, 0.8194, 0.8235, 0.8251, 0.8319, 0.8263, 0.826, 0.8239, 0.83, 0.8278, 0.8228, 0.8254, 0.8234, 0.8231, 0.8289, 0.8282, 0.8224, 0.8308, 0.832, 0.8289, 0.8207, 0.8149], [0.8057, 0.7868, 0.7982, 0.81, 0.8043, 0.8087, 0.8106, 0.8068, 0.8097, 0.8078, 0.8075, 0.8076, 0.8117, 0.8105, 0.8064, 0.8085, 0.8065, 0.8056, 0.8079, 0.8099, 0.8077, 0.8043]]
Results: 	[[0.766, 0.759, 0.7596, 0.7673, 0.7726, 0.7729, 0.76, 0.7615, 0.767, 0.769, 0.7668, 0.7637, 0.7671, 0.7689, 0.7673, 0.7393, 0.7596, 0.7611, 0.7684, 0.7704, 0.7644, 0.7584, 0.771], [0.8282, 0.8194, 0.8235, 0.8251, 0.8319, 0.8263, 0.826, 0.8239, 0.83, 0.8278, 0.8228, 0.8254, 0.8234, 0.8231, 0.8289, 0.8282, 0.8224, 0.8308, 0.832, 0.8289, 0.8207, 0.8149, 0.8271], [0.8057, 0.7868, 0.7982, 0.81, 0.8043, 0.8087, 0.8106, 0.8068, 0.8097, 0.8078, 0.8075, 0.8076, 0.8117, 0.8105, 0.8064, 0.8085, 0.8065, 0.8056, 0.8079, 0.8099, 0.8077, 0.8043, 0.8085]]
Results: 	[[0.766, 0.759, 0.7596, 0.7673, 0.7726, 0.7729, 0.76, 0.7615, 0.767, 0.769, 0.7668, 0.7637, 0.7671, 0.7689, 0.7673, 0.7393, 0.7596, 0.7611, 0.7684, 0.7704, 0.7644, 0.7584, 0.771, 0.7646], [0.8282, 0.8194, 0.8235, 0.8251, 0.8319, 0.8263, 0.826, 0.8239, 0.83, 0.8278, 0.8228, 0.8254, 0.8234, 0.8231, 0.8289, 0.8282, 0.8224, 0.8308, 0.832, 0.8289, 0.8207, 0.8149, 0.8271, 0.8202], [0.8057, 0.7868, 0.7982, 0.81, 0.8043, 0.8087, 0.8106, 0.8068, 0.8097, 0.8078, 0.8075, 0.8076, 0.8117, 0.8105, 0.8064, 0.8085, 0.8065, 0.8056, 0.8079, 0.8099, 0.8077, 0.8043, 0.8085, 0.8104]]
Results: 	[[0.766, 0.759, 0.7596, 0.7673, 0.7726, 0.7729, 0.76, 0.7615, 0.767, 0.769, 0.7668, 0.7637, 0.7671, 0.7689, 0.7673, 0.7393, 0.7596, 0.7611, 0.7684, 0.7704, 0.7644, 0.7584, 0.771, 0.7646, 0.7611], [0.8282, 0.8194, 0.8235, 0.8251, 0.8319, 0.8263, 0.826, 0.8239, 0.83, 0.8278, 0.8228, 0.8254, 0.8234, 0.8231, 0.8289, 0.8282, 0.8224, 0.8308, 0.832, 0.8289, 0.8207, 0.8149, 0.8271, 0.8202, 0.8279], [0.8057, 0.7868, 0.7982, 0.81, 0.8043, 0.8087, 0.8106, 0.8068, 0.8097, 0.8078, 0.8075, 0.8076, 0.8117, 0.8105, 0.8064, 0.8085, 0.8065, 0.8056, 0.8079, 0.8099, 0.8077, 0.8043, 0.8085, 0.8104, 0.8099]]
Results: 	[[0.766, 0.759, 0.7596, 0.7673, 0.7726, 0.7729, 0.76, 0.7615, 0.767, 0.769, 0.7668, 0.7637, 0.7671, 0.7689, 0.7673, 0.7393, 0.7596, 0.7611, 0.7684, 0.7704, 0.7644, 0.7584, 0.771, 0.7646, 0.7611, 0.7685], [0.8282, 0.8194, 0.8235, 0.8251, 0.8319, 0.8263, 0.826, 0.8239, 0.83, 0.8278, 0.8228, 0.8254, 0.8234, 0.8231, 0.8289, 0.8282, 0.8224, 0.8308, 0.832, 0.8289, 0.8207, 0.8149, 0.8271, 0.8202, 0.8279, 0.8214], [0.8057, 0.7868, 0.7982, 0.81, 0.8043, 0.8087, 0.8106, 0.8068, 0.8097, 0.8078, 0.8075, 0.8076, 0.8117, 0.8105, 0.8064, 0.8085, 0.8065, 0.8056, 0.8079, 0.8099, 0.8077, 0.8043, 0.8085, 0.8104, 0.8099, 0.8093]]
Results: 	[[0.766, 0.759, 0.7596, 0.7673, 0.7726, 0.7729, 0.76, 0.7615, 0.767, 0.769, 0.7668, 0.7637, 0.7671, 0.7689, 0.7673, 0.7393, 0.7596, 0.7611, 0.7684, 0.7704, 0.7644, 0.7584, 0.771, 0.7646, 0.7611, 0.7685, 0.7577], [0.8282, 0.8194, 0.8235, 0.8251, 0.8319, 0.8263, 0.826, 0.8239, 0.83, 0.8278, 0.8228, 0.8254, 0.8234, 0.8231, 0.8289, 0.8282, 0.8224, 0.8308, 0.832, 0.8289, 0.8207, 0.8149, 0.8271, 0.8202, 0.8279, 0.8214, 0.8285], [0.8057, 0.7868, 0.7982, 0.81, 0.8043, 0.8087, 0.8106, 0.8068, 0.8097, 0.8078, 0.8075, 0.8076, 0.8117, 0.8105, 0.8064, 0.8085, 0.8065, 0.8056, 0.8079, 0.8099, 0.8077, 0.8043, 0.8085, 0.8104, 0.8099, 0.8093, 0.8099]]
Results: 	[[0.766, 0.759, 0.7596, 0.7673, 0.7726, 0.7729, 0.76, 0.7615, 0.767, 0.769, 0.7668, 0.7637, 0.7671, 0.7689, 0.7673, 0.7393, 0.7596, 0.7611, 0.7684, 0.7704, 0.7644, 0.7584, 0.771, 0.7646, 0.7611, 0.7685, 0.7577, 0.7313], [0.8282, 0.8194, 0.8235, 0.8251, 0.8319, 0.8263, 0.826, 0.8239, 0.83, 0.8278, 0.8228, 0.8254, 0.8234, 0.8231, 0.8289, 0.8282, 0.8224, 0.8308, 0.832, 0.8289, 0.8207, 0.8149, 0.8271, 0.8202, 0.8279, 0.8214, 0.8285, 0.8305], [0.8057, 0.7868, 0.7982, 0.81, 0.8043, 0.8087, 0.8106, 0.8068, 0.8097, 0.8078, 0.8075, 0.8076, 0.8117, 0.8105, 0.8064, 0.8085, 0.8065, 0.8056, 0.8079, 0.8099, 0.8077, 0.8043, 0.8085, 0.8104, 0.8099, 0.8093, 0.8099, 0.8076]]
Results: 	[[0.766, 0.759, 0.7596, 0.7673, 0.7726, 0.7729, 0.76, 0.7615, 0.767, 0.769, 0.7668, 0.7637, 0.7671, 0.7689, 0.7673, 0.7393, 0.7596, 0.7611, 0.7684, 0.7704, 0.7644, 0.7584, 0.771, 0.7646, 0.7611, 0.7685, 0.7577, 0.7313, 0.7675], [0.8282, 0.8194, 0.8235, 0.8251, 0.8319, 0.8263, 0.826, 0.8239, 0.83, 0.8278, 0.8228, 0.8254, 0.8234, 0.8231, 0.8289, 0.8282, 0.8224, 0.8308, 0.832, 0.8289, 0.8207, 0.8149, 0.8271, 0.8202, 0.8279, 0.8214, 0.8285, 0.8305, 0.8261], [0.8057, 0.7868, 0.7982, 0.81, 0.8043, 0.8087, 0.8106, 0.8068, 0.8097, 0.8078, 0.8075, 0.8076, 0.8117, 0.8105, 0.8064, 0.8085, 0.8065, 0.8056, 0.8079, 0.8099, 0.8077, 0.8043, 0.8085, 0.8104, 0.8099, 0.8093, 0.8099, 0.8076, 0.8065]]
Results: 	[[0.766, 0.759, 0.7596, 0.7673, 0.7726, 0.7729, 0.76, 0.7615, 0.767, 0.769, 0.7668, 0.7637, 0.7671, 0.7689, 0.7673, 0.7393, 0.7596, 0.7611, 0.7684, 0.7704, 0.7644, 0.7584, 0.771, 0.7646, 0.7611, 0.7685, 0.7577, 0.7313, 0.7675, 0.7661], [0.8282, 0.8194, 0.8235, 0.8251, 0.8319, 0.8263, 0.826, 0.8239, 0.83, 0.8278, 0.8228, 0.8254, 0.8234, 0.8231, 0.8289, 0.8282, 0.8224, 0.8308, 0.832, 0.8289, 0.8207, 0.8149, 0.8271, 0.8202, 0.8279, 0.8214, 0.8285, 0.8305, 0.8261, 0.8238], [0.8057, 0.7868, 0.7982, 0.81, 0.8043, 0.8087, 0.8106, 0.8068, 0.8097, 0.8078, 0.8075, 0.8076, 0.8117, 0.8105, 0.8064, 0.8085, 0.8065, 0.8056, 0.8079, 0.8099, 0.8077, 0.8043, 0.8085, 0.8104, 0.8099, 0.8093, 0.8099, 0.8076, 0.8065, 0.8077]]

-----------------------------------------------------------------
Task                                            Acc         F1      AUROC  (mean±std)
-----------------------------------------------------------------
SR-HSE                                   0.7666±0.0446  0.2319±0.0192  0.7633±0.0086
SR-MMP                                   0.7937±0.0136  0.5016±0.0056  0.8256±0.0040
SR-p53                                   0.7862±0.0371  0.2815±0.0177  0.8071±0.0045

OVERALL AVERAGE                          0.7822              0.3383              0.7987
-----------------------------------------------------------------
