
=================================================================
Variant : CNN + FP  |  10-shot
Dataset : tox21  |  K_shot=10
Tasks   : ['SR-HSE', 'SR-MMP', 'SR-p53']
=================================================================
Results: 	[[0.7237], [0.8266], [0.7967]]
Results: 	[[0.7237, 0.754], [0.8266, 0.8079], [0.7967, 0.8055]]
Results: 	[[0.7237, 0.754, 0.7377], [0.8266, 0.8079, 0.8192], [0.7967, 0.8055, 0.798]]
Results: 	[[0.7237, 0.754, 0.7377, 0.7381], [0.8266, 0.8079, 0.8192, 0.8017], [0.7967, 0.8055, 0.798, 0.7931]]
Results: 	[[0.7237, 0.754, 0.7377, 0.7381, 0.6313], [0.8266, 0.8079, 0.8192, 0.8017, 0.8236], [0.7967, 0.8055, 0.798, 0.7931, 0.7962]]
Results: 	[[0.7237, 0.754, 0.7377, 0.7381, 0.6313, 0.7605], [0.8266, 0.8079, 0.8192, 0.8017, 0.8236, 0.8237], [0.7967, 0.8055, 0.798, 0.7931, 0.7962, 0.7822]]
Results: 	[[0.7237, 0.754, 0.7377, 0.7381, 0.6313, 0.7605, 0.7422], [0.8266, 0.8079, 0.8192, 0.8017, 0.8236, 0.8237, 0.8173], [0.7967, 0.8055, 0.798, 0.7931, 0.7962, 0.7822, 0.795]]
Results: 	[[0.7237, 0.754, 0.7377, 0.7381, 0.6313, 0.7605, 0.7422, 0.7576], [0.8266, 0.8079, 0.8192, 0.8017, 0.8236, 0.8237, 0.8173, 0.8206], [0.7967, 0.8055, 0.798, 0.7931, 0.7962, 0.7822, 0.795, 0.8066]]
Results: 	[[0.7237, 0.754, 0.7377, 0.7381, 0.6313, 0.7605, 0.7422, 0.7576, 0.7571], [0.8266, 0.8079, 0.8192, 0.8017, 0.8236, 0.8237, 0.8173, 0.8206, 0.8158], [0.7967, 0.8055, 0.798, 0.7931, 0.7962, 0.7822, 0.795, 0.8066, 0.7815]]
Results: 	[[0.7237, 0.754, 0.7377, 0.7381, 0.6313, 0.7605, 0.7422, 0.7576, 0.7571, 0.7337], [0.8266, 0.8079, 0.8192, 0.8017, 0.8236, 0.8237, 0.8173, 0.8206, 0.8158, 0.8247], [0.7967, 0.8055, 0.798, 0.7931, 0.7962, 0.7822, 0.795, 0.8066, 0.7815, 0.7915]]
Results: 	[[0.7237, 0.754, 0.7377, 0.7381, 0.6313, 0.7605, 0.7422, 0.7576, 0.7571, 0.7337, 0.755], [0.8266, 0.8079, 0.8192, 0.8017, 0.8236, 0.8237, 0.8173, 0.8206, 0.8158, 0.8247, 0.826], [0.7967, 0.8055, 0.798, 0.7931, 0.7962, 0.7822, 0.795, 0.8066, 0.7815, 0.7915, 0.8056]]
Results: 	[[0.7237, 0.754, 0.7377, 0.7381, 0.6313, 0.7605, 0.7422, 0.7576, 0.7571, 0.7337, 0.755, 0.7604], [0.8266, 0.8079, 0.8192, 0.8017, 0.8236, 0.8237, 0.8173, 0.8206, 0.8158, 0.8247, 0.826, 0.7881], [0.7967, 0.8055, 0.798, 0.7931, 0.7962, 0.7822, 0.795, 0.8066, 0.7815, 0.7915, 0.8056, 0.8091]]
Results: 	[[0.7237, 0.754, 0.7377, 0.7381, 0.6313, 0.7605, 0.7422, 0.7576, 0.7571, 0.7337, 0.755, 0.7604, 0.7508], [0.8266, 0.8079, 0.8192, 0.8017, 0.8236, 0.8237, 0.8173, 0.8206, 0.8158, 0.8247, 0.826, 0.7881, 0.8221], [0.7967, 0.8055, 0.798, 0.7931, 0.7962, 0.7822, 0.795, 0.8066, 0.7815, 0.7915, 0.8056, 0.8091, 0.8062]]
Results: 	[[0.7237, 0.754, 0.7377, 0.7381, 0.6313, 0.7605, 0.7422, 0.7576, 0.7571, 0.7337, 0.755, 0.7604, 0.7508, 0.7222], [0.8266, 0.8079, 0.8192, 0.8017, 0.8236, 0.8237, 0.8173, 0.8206, 0.8158, 0.8247, 0.826, 0.7881, 0.8221, 0.8007], [0.7967, 0.8055, 0.798, 0.7931, 0.7962, 0.7822, 0.795, 0.8066, 0.7815, 0.7915, 0.8056, 0.8091, 0.8062, 0.7877]]
Results: 	[[0.7237, 0.754, 0.7377, 0.7381, 0.6313, 0.7605, 0.7422, 0.7576, 0.7571, 0.7337, 0.755, 0.7604, 0.7508, 0.7222, 0.7449], [0.8266, 0.8079, 0.8192, 0.8017, 0.8236, 0.8237, 0.8173, 0.8206, 0.8158, 0.8247, 0.826, 0.7881, 0.8221, 0.8007, 0.824], [0.7967, 0.8055, 0.798, 0.7931, 0.7962, 0.7822, 0.795, 0.8066, 0.7815, 0.7915, 0.8056, 0.8091, 0.8062, 0.7877, 0.804]]
Results: 	[[0.7237, 0.754, 0.7377, 0.7381, 0.6313, 0.7605, 0.7422, 0.7576, 0.7571, 0.7337, 0.755, 0.7604, 0.7508, 0.7222, 0.7449, 0.7578], [0.8266, 0.8079, 0.8192, 0.8017, 0.8236, 0.8237, 0.8173, 0.8206, 0.8158, 0.8247, 0.826, 0.7881, 0.8221, 0.8007, 0.824, 0.8163], [0.7967, 0.8055, 0.798, 0.7931, 0.7962, 0.7822, 0.795, 0.8066, 0.7815, 0.7915, 0.8056, 0.8091, 0.8062, 0.7877, 0.804, 0.8061]]
Results: 	[[0.7237, 0.754, 0.7377, 0.7381, 0.6313, 0.7605, 0.7422, 0.7576, 0.7571, 0.7337, 0.755, 0.7604, 0.7508, 0.7222, 0.7449, 0.7578, 0.7552], [0.8266, 0.8079, 0.8192, 0.8017, 0.8236, 0.8237, 0.8173, 0.8206, 0.8158, 0.8247, 0.826, 0.7881, 0.8221, 0.8007, 0.824, 0.8163, 0.8091], [0.7967, 0.8055, 0.798, 0.7931, 0.7962, 0.7822, 0.795, 0.8066, 0.7815, 0.7915, 0.8056, 0.8091, 0.8062, 0.7877, 0.804, 0.8061, 0.778]]
Results: 	[[0.7237, 0.754, 0.7377, 0.7381, 0.6313, 0.7605, 0.7422, 0.7576, 0.7571, 0.7337, 0.755, 0.7604, 0.7508, 0.7222, 0.7449, 0.7578, 0.7552, 0.7294], [0.8266, 0.8079, 0.8192, 0.8017, 0.8236, 0.8237, 0.8173, 0.8206, 0.8158, 0.8247, 0.826, 0.7881, 0.8221, 0.8007, 0.824, 0.8163, 0.8091, 0.8124], [0.7967, 0.8055, 0.798, 0.7931, 0.7962, 0.7822, 0.795, 0.8066, 0.7815, 0.7915, 0.8056, 0.8091, 0.8062, 0.7877, 0.804, 0.8061, 0.778, 0.7938]]
Results: 	[[0.7237, 0.754, 0.7377, 0.7381, 0.6313, 0.7605, 0.7422, 0.7576, 0.7571, 0.7337, 0.755, 0.7604, 0.7508, 0.7222, 0.7449, 0.7578, 0.7552, 0.7294, 0.7515], [0.8266, 0.8079, 0.8192, 0.8017, 0.8236, 0.8237, 0.8173, 0.8206, 0.8158, 0.8247, 0.826, 0.7881, 0.8221, 0.8007, 0.824, 0.8163, 0.8091, 0.8124, 0.8214], [0.7967, 0.8055, 0.798, 0.7931, 0.7962, 0.7822, 0.795, 0.8066, 0.7815, 0.7915, 0.8056, 0.8091, 0.8062, 0.7877, 0.804, 0.8061, 0.778, 0.7938, 0.8115]]
Results: 	[[0.7237, 0.754, 0.7377, 0.7381, 0.6313, 0.7605, 0.7422, 0.7576, 0.7571, 0.7337, 0.755, 0.7604, 0.7508, 0.7222, 0.7449, 0.7578, 0.7552, 0.7294, 0.7515, 0.7396], [0.8266, 0.8079, 0.8192, 0.8017, 0.8236, 0.8237, 0.8173, 0.8206, 0.8158, 0.8247, 0.826, 0.7881, 0.8221, 0.8007, 0.824, 0.8163, 0.8091, 0.8124, 0.8214, 0.8195], [0.7967, 0.8055, 0.798, 0.7931, 0.7962, 0.7822, 0.795, 0.8066, 0.7815, 0.7915, 0.8056, 0.8091, 0.8062, 0.7877, 0.804, 0.8061, 0.778, 0.7938, 0.8115, 0.7852]]
Results: 	[[0.7237, 0.754, 0.7377, 0.7381, 0.6313, 0.7605, 0.7422, 0.7576, 0.7571, 0.7337, 0.755, 0.7604, 0.7508, 0.7222, 0.7449, 0.7578, 0.7552, 0.7294, 0.7515, 0.7396, 0.7081], [0.8266, 0.8079, 0.8192, 0.8017, 0.8236, 0.8237, 0.8173, 0.8206, 0.8158, 0.8247, 0.826, 0.7881, 0.8221, 0.8007, 0.824, 0.8163, 0.8091, 0.8124, 0.8214, 0.8195, 0.8088], [0.7967, 0.8055, 0.798, 0.7931, 0.7962, 0.7822, 0.795, 0.8066, 0.7815, 0.7915, 0.8056, 0.8091, 0.8062, 0.7877, 0.804, 0.8061, 0.778, 0.7938, 0.8115, 0.7852, 0.8098]]
Results: 	[[0.7237, 0.754, 0.7377, 0.7381, 0.6313, 0.7605, 0.7422, 0.7576, 0.7571, 0.7337, 0.755, 0.7604, 0.7508, 0.7222, 0.7449, 0.7578, 0.7552, 0.7294, 0.7515, 0.7396, 0.7081, 0.7277], [0.8266, 0.8079, 0.8192, 0.8017, 0.8236, 0.8237, 0.8173, 0.8206, 0.8158, 0.8247, 0.826, 0.7881, 0.8221, 0.8007, 0.824, 0.8163, 0.8091, 0.8124, 0.8214, 0.8195, 0.8088, 0.8213], [0.7967, 0.8055, 0.798, 0.7931, 0.7962, 0.7822, 0.795, 0.8066, 0.7815, 0.7915, 0.8056, 0.8091, 0.8062, 0.7877, 0.804, 0.8061, 0.778, 0.7938, 0.8115, 0.7852, 0.8098, 0.8088]]
Results: 	[[0.7237, 0.754, 0.7377, 0.7381, 0.6313, 0.7605, 0.7422, 0.7576, 0.7571, 0.7337, 0.755, 0.7604, 0.7508, 0.7222, 0.7449, 0.7578, 0.7552, 0.7294, 0.7515, 0.7396, 0.7081, 0.7277, 0.7488], [0.8266, 0.8079, 0.8192, 0.8017, 0.8236, 0.8237, 0.8173, 0.8206, 0.8158, 0.8247, 0.826, 0.7881, 0.8221, 0.8007, 0.824, 0.8163, 0.8091, 0.8124, 0.8214, 0.8195, 0.8088, 0.8213, 0.7689], [0.7967, 0.8055, 0.798, 0.7931, 0.7962, 0.7822, 0.795, 0.8066, 0.7815, 0.7915, 0.8056, 0.8091, 0.8062, 0.7877, 0.804, 0.8061, 0.778, 0.7938, 0.8115, 0.7852, 0.8098, 0.8088, 0.7978]]
Results: 	[[0.7237, 0.754, 0.7377, 0.7381, 0.6313, 0.7605, 0.7422, 0.7576, 0.7571, 0.7337, 0.755, 0.7604, 0.7508, 0.7222, 0.7449, 0.7578, 0.7552, 0.7294, 0.7515, 0.7396, 0.7081, 0.7277, 0.7488, 0.7617], [0.8266, 0.8079, 0.8192, 0.8017, 0.8236, 0.8237, 0.8173, 0.8206, 0.8158, 0.8247, 0.826, 0.7881, 0.8221, 0.8007, 0.824, 0.8163, 0.8091, 0.8124, 0.8214, 0.8195, 0.8088, 0.8213, 0.7689, 0.825], [0.7967, 0.8055, 0.798, 0.7931, 0.7962, 0.7822, 0.795, 0.8066, 0.7815, 0.7915, 0.8056, 0.8091, 0.8062, 0.7877, 0.804, 0.8061, 0.778, 0.7938, 0.8115, 0.7852, 0.8098, 0.8088, 0.7978, 0.7665]]
Results: 	[[0.7237, 0.754, 0.7377, 0.7381, 0.6313, 0.7605, 0.7422, 0.7576, 0.7571, 0.7337, 0.755, 0.7604, 0.7508, 0.7222, 0.7449, 0.7578, 0.7552, 0.7294, 0.7515, 0.7396, 0.7081, 0.7277, 0.7488, 0.7617, 0.7644], [0.8266, 0.8079, 0.8192, 0.8017, 0.8236, 0.8237, 0.8173, 0.8206, 0.8158, 0.8247, 0.826, 0.7881, 0.8221, 0.8007, 0.824, 0.8163, 0.8091, 0.8124, 0.8214, 0.8195, 0.8088, 0.8213, 0.7689, 0.825, 0.805], [0.7967, 0.8055, 0.798, 0.7931, 0.7962, 0.7822, 0.795, 0.8066, 0.7815, 0.7915, 0.8056, 0.8091, 0.8062, 0.7877, 0.804, 0.8061, 0.778, 0.7938, 0.8115, 0.7852, 0.8098, 0.8088, 0.7978, 0.7665, 0.7818]]
Results: 	[[0.7237, 0.754, 0.7377, 0.7381, 0.6313, 0.7605, 0.7422, 0.7576, 0.7571, 0.7337, 0.755, 0.7604, 0.7508, 0.7222, 0.7449, 0.7578, 0.7552, 0.7294, 0.7515, 0.7396, 0.7081, 0.7277, 0.7488, 0.7617, 0.7644, 0.7093], [0.8266, 0.8079, 0.8192, 0.8017, 0.8236, 0.8237, 0.8173, 0.8206, 0.8158, 0.8247, 0.826, 0.7881, 0.8221, 0.8007, 0.824, 0.8163, 0.8091, 0.8124, 0.8214, 0.8195, 0.8088, 0.8213, 0.7689, 0.825, 0.805, 0.8274], [0.7967, 0.8055, 0.798, 0.7931, 0.7962, 0.7822, 0.795, 0.8066, 0.7815, 0.7915, 0.8056, 0.8091, 0.8062, 0.7877, 0.804, 0.8061, 0.778, 0.7938, 0.8115, 0.7852, 0.8098, 0.8088, 0.7978, 0.7665, 0.7818, 0.7875]]
Results: 	[[0.7237, 0.754, 0.7377, 0.7381, 0.6313, 0.7605, 0.7422, 0.7576, 0.7571, 0.7337, 0.755, 0.7604, 0.7508, 0.7222, 0.7449, 0.7578, 0.7552, 0.7294, 0.7515, 0.7396, 0.7081, 0.7277, 0.7488, 0.7617, 0.7644, 0.7093, 0.741], [0.8266, 0.8079, 0.8192, 0.8017, 0.8236, 0.8237, 0.8173, 0.8206, 0.8158, 0.8247, 0.826, 0.7881, 0.8221, 0.8007, 0.824, 0.8163, 0.8091, 0.8124, 0.8214, 0.8195, 0.8088, 0.8213, 0.7689, 0.825, 0.805, 0.8274, 0.8179], [0.7967, 0.8055, 0.798, 0.7931, 0.7962, 0.7822, 0.795, 0.8066, 0.7815, 0.7915, 0.8056, 0.8091, 0.8062, 0.7877, 0.804, 0.8061, 0.778, 0.7938, 0.8115, 0.7852, 0.8098, 0.8088, 0.7978, 0.7665, 0.7818, 0.7875, 0.81]]
Results: 	[[0.7237, 0.754, 0.7377, 0.7381, 0.6313, 0.7605, 0.7422, 0.7576, 0.7571, 0.7337, 0.755, 0.7604, 0.7508, 0.7222, 0.7449, 0.7578, 0.7552, 0.7294, 0.7515, 0.7396, 0.7081, 0.7277, 0.7488, 0.7617, 0.7644, 0.7093, 0.741, 0.7534], [0.8266, 0.8079, 0.8192, 0.8017, 0.8236, 0.8237, 0.8173, 0.8206, 0.8158, 0.8247, 0.826, 0.7881, 0.8221, 0.8007, 0.824, 0.8163, 0.8091, 0.8124, 0.8214, 0.8195, 0.8088, 0.8213, 0.7689, 0.825, 0.805, 0.8274, 0.8179, 0.8028], [0.7967, 0.8055, 0.798, 0.7931, 0.7962, 0.7822, 0.795, 0.8066, 0.7815, 0.7915, 0.8056, 0.8091, 0.8062, 0.7877, 0.804, 0.8061, 0.778, 0.7938, 0.8115, 0.7852, 0.8098, 0.8088, 0.7978, 0.7665, 0.7818, 0.7875, 0.81, 0.8003]]
Results: 	[[0.7237, 0.754, 0.7377, 0.7381, 0.6313, 0.7605, 0.7422, 0.7576, 0.7571, 0.7337, 0.755, 0.7604, 0.7508, 0.7222, 0.7449, 0.7578, 0.7552, 0.7294, 0.7515, 0.7396, 0.7081, 0.7277, 0.7488, 0.7617, 0.7644, 0.7093, 0.741, 0.7534, 0.7492], [0.8266, 0.8079, 0.8192, 0.8017, 0.8236, 0.8237, 0.8173, 0.8206, 0.8158, 0.8247, 0.826, 0.7881, 0.8221, 0.8007, 0.824, 0.8163, 0.8091, 0.8124, 0.8214, 0.8195, 0.8088, 0.8213, 0.7689, 0.825, 0.805, 0.8274, 0.8179, 0.8028, 0.8169], [0.7967, 0.8055, 0.798, 0.7931, 0.7962, 0.7822, 0.795, 0.8066, 0.7815, 0.7915, 0.8056, 0.8091, 0.8062, 0.7877, 0.804, 0.8061, 0.778, 0.7938, 0.8115, 0.7852, 0.8098, 0.8088, 0.7978, 0.7665, 0.7818, 0.7875, 0.81, 0.8003, 0.801]]
Results: 	[[0.7237, 0.754, 0.7377, 0.7381, 0.6313, 0.7605, 0.7422, 0.7576, 0.7571, 0.7337, 0.755, 0.7604, 0.7508, 0.7222, 0.7449, 0.7578, 0.7552, 0.7294, 0.7515, 0.7396, 0.7081, 0.7277, 0.7488, 0.7617, 0.7644, 0.7093, 0.741, 0.7534, 0.7492, 0.7512], [0.8266, 0.8079, 0.8192, 0.8017, 0.8236, 0.8237, 0.8173, 0.8206, 0.8158, 0.8247, 0.826, 0.7881, 0.8221, 0.8007, 0.824, 0.8163, 0.8091, 0.8124, 0.8214, 0.8195, 0.8088, 0.8213, 0.7689, 0.825, 0.805, 0.8274, 0.8179, 0.8028, 0.8169, 0.7985], [0.7967, 0.8055, 0.798, 0.7931, 0.7962, 0.7822, 0.795, 0.8066, 0.7815, 0.7915, 0.8056, 0.8091, 0.8062, 0.7877, 0.804, 0.8061, 0.778, 0.7938, 0.8115, 0.7852, 0.8098, 0.8088, 0.7978, 0.7665, 0.7818, 0.7875, 0.81, 0.8003, 0.801, 0.8053]]

-----------------------------------------------------------------
Task                                            Acc         F1      AUROC  (mean±std)
-----------------------------------------------------------------
SR-HSE                                   0.7617±0.0613  0.2238±0.0275  0.7406±0.0251
SR-MMP                                   0.7905±0.0323  0.5083±0.0233  0.8138±0.0128
SR-p53                                   0.7850±0.0448  0.2771±0.0234  0.7967±0.0112

OVERALL AVERAGE                          0.7791              0.3364              0.7837
-----------------------------------------------------------------
