
=================================================================
Variant : CNN + FP  |  5-shot
Dataset : tox21  |  K_shot=5
Tasks   : ['SR-HSE', 'SR-MMP', 'SR-p53']
=================================================================
Results: 	[[0.7601], [0.8325], [0.5138]]
Results: 	[[0.7601, 0.7613], [0.8325, 0.8082], [0.5138, 0.8026]]
Results: 	[[0.7601, 0.7613, 0.762], [0.8325, 0.8082, 0.8236], [0.5138, 0.8026, 0.7963]]
Results: 	[[0.7601, 0.7613, 0.762, 0.7421], [0.8325, 0.8082, 0.8236, 0.83], [0.5138, 0.8026, 0.7963, 0.7558]]
Results: 	[[0.7601, 0.7613, 0.762, 0.7421, 0.755], [0.8325, 0.8082, 0.8236, 0.83, 0.8149], [0.5138, 0.8026, 0.7963, 0.7558, 0.7868]]
Results: 	[[0.7601, 0.7613, 0.762, 0.7421, 0.755, 0.7563], [0.8325, 0.8082, 0.8236, 0.83, 0.8149, 0.7495], [0.5138, 0.8026, 0.7963, 0.7558, 0.7868, 0.7998]]
Results: 	[[0.7601, 0.7613, 0.762, 0.7421, 0.755, 0.7563, 0.7315], [0.8325, 0.8082, 0.8236, 0.83, 0.8149, 0.7495, 0.8263], [0.5138, 0.8026, 0.7963, 0.7558, 0.7868, 0.7998, 0.7846]]
Results: 	[[0.7601, 0.7613, 0.762, 0.7421, 0.755, 0.7563, 0.7315, 0.3761], [0.8325, 0.8082, 0.8236, 0.83, 0.8149, 0.7495, 0.8263, 0.7867], [0.5138, 0.8026, 0.7963, 0.7558, 0.7868, 0.7998, 0.7846, 0.7984]]
Results: 	[[0.7601, 0.7613, 0.762, 0.7421, 0.755, 0.7563, 0.7315, 0.3761, 0.7305], [0.8325, 0.8082, 0.8236, 0.83, 0.8149, 0.7495, 0.8263, 0.7867, 0.8195], [0.5138, 0.8026, 0.7963, 0.7558, 0.7868, 0.7998, 0.7846, 0.7984, 0.7993]]
Results: 	[[0.7601, 0.7613, 0.762, 0.7421, 0.755, 0.7563, 0.7315, 0.3761, 0.7305, 0.758], [0.8325, 0.8082, 0.8236, 0.83, 0.8149, 0.7495, 0.8263, 0.7867, 0.8195, 0.8319], [0.5138, 0.8026, 0.7963, 0.7558, 0.7868, 0.7998, 0.7846, 0.7984, 0.7993, 0.2768]]
Results: 	[[0.7601, 0.7613, 0.762, 0.7421, 0.755, 0.7563, 0.7315, 0.3761, 0.7305, 0.758, 0.5075], [0.8325, 0.8082, 0.8236, 0.83, 0.8149, 0.7495, 0.8263, 0.7867, 0.8195, 0.8319, 0.8301], [0.5138, 0.8026, 0.7963, 0.7558, 0.7868, 0.7998, 0.7846, 0.7984, 0.7993, 0.2768, 0.7954]]
Results: 	[[0.7601, 0.7613, 0.762, 0.7421, 0.755, 0.7563, 0.7315, 0.3761, 0.7305, 0.758, 0.5075, 0.7441], [0.8325, 0.8082, 0.8236, 0.83, 0.8149, 0.7495, 0.8263, 0.7867, 0.8195, 0.8319, 0.8301, 0.8299], [0.5138, 0.8026, 0.7963, 0.7558, 0.7868, 0.7998, 0.7846, 0.7984, 0.7993, 0.2768, 0.7954, 0.7879]]
Results: 	[[0.7601, 0.7613, 0.762, 0.7421, 0.755, 0.7563, 0.7315, 0.3761, 0.7305, 0.758, 0.5075, 0.7441, 0.7657], [0.8325, 0.8082, 0.8236, 0.83, 0.8149, 0.7495, 0.8263, 0.7867, 0.8195, 0.8319, 0.8301, 0.8299, 0.673], [0.5138, 0.8026, 0.7963, 0.7558, 0.7868, 0.7998, 0.7846, 0.7984, 0.7993, 0.2768, 0.7954, 0.7879, 0.7958]]
Results: 	[[0.7601, 0.7613, 0.762, 0.7421, 0.755, 0.7563, 0.7315, 0.3761, 0.7305, 0.758, 0.5075, 0.7441, 0.7657, 0.757], [0.8325, 0.8082, 0.8236, 0.83, 0.8149, 0.7495, 0.8263, 0.7867, 0.8195, 0.8319, 0.8301, 0.8299, 0.673, 0.8339], [0.5138, 0.8026, 0.7963, 0.7558, 0.7868, 0.7998, 0.7846, 0.7984, 0.7993, 0.2768, 0.7954, 0.7879, 0.7958, 0.8007]]
Results: 	[[0.7601, 0.7613, 0.762, 0.7421, 0.755, 0.7563, 0.7315, 0.3761, 0.7305, 0.758, 0.5075, 0.7441, 0.7657, 0.757, 0.7339], [0.8325, 0.8082, 0.8236, 0.83, 0.8149, 0.7495, 0.8263, 0.7867, 0.8195, 0.8319, 0.8301, 0.8299, 0.673, 0.8339, 0.8084], [0.5138, 0.8026, 0.7963, 0.7558, 0.7868, 0.7998, 0.7846, 0.7984, 0.7993, 0.2768, 0.7954, 0.7879, 0.7958, 0.8007, 0.7815]]
Results: 	[[0.7601, 0.7613, 0.762, 0.7421, 0.755, 0.7563, 0.7315, 0.3761, 0.7305, 0.758, 0.5075, 0.7441, 0.7657, 0.757, 0.7339, 0.2838], [0.8325, 0.8082, 0.8236, 0.83, 0.8149, 0.7495, 0.8263, 0.7867, 0.8195, 0.8319, 0.8301, 0.8299, 0.673, 0.8339, 0.8084, 0.833], [0.5138, 0.8026, 0.7963, 0.7558, 0.7868, 0.7998, 0.7846, 0.7984, 0.7993, 0.2768, 0.7954, 0.7879, 0.7958, 0.8007, 0.7815, 0.7855]]
Results: 	[[0.7601, 0.7613, 0.762, 0.7421, 0.755, 0.7563, 0.7315, 0.3761, 0.7305, 0.758, 0.5075, 0.7441, 0.7657, 0.757, 0.7339, 0.2838, 0.7606], [0.8325, 0.8082, 0.8236, 0.83, 0.8149, 0.7495, 0.8263, 0.7867, 0.8195, 0.8319, 0.8301, 0.8299, 0.673, 0.8339, 0.8084, 0.833, 0.8211], [0.5138, 0.8026, 0.7963, 0.7558, 0.7868, 0.7998, 0.7846, 0.7984, 0.7993, 0.2768, 0.7954, 0.7879, 0.7958, 0.8007, 0.7815, 0.7855, 0.7542]]
Results: 	[[0.7601, 0.7613, 0.762, 0.7421, 0.755, 0.7563, 0.7315, 0.3761, 0.7305, 0.758, 0.5075, 0.7441, 0.7657, 0.757, 0.7339, 0.2838, 0.7606, 0.756], [0.8325, 0.8082, 0.8236, 0.83, 0.8149, 0.7495, 0.8263, 0.7867, 0.8195, 0.8319, 0.8301, 0.8299, 0.673, 0.8339, 0.8084, 0.833, 0.8211, 0.831], [0.5138, 0.8026, 0.7963, 0.7558, 0.7868, 0.7998, 0.7846, 0.7984, 0.7993, 0.2768, 0.7954, 0.7879, 0.7958, 0.8007, 0.7815, 0.7855, 0.7542, 0.7986]]
Results: 	[[0.7601, 0.7613, 0.762, 0.7421, 0.755, 0.7563, 0.7315, 0.3761, 0.7305, 0.758, 0.5075, 0.7441, 0.7657, 0.757, 0.7339, 0.2838, 0.7606, 0.756, 0.7519], [0.8325, 0.8082, 0.8236, 0.83, 0.8149, 0.7495, 0.8263, 0.7867, 0.8195, 0.8319, 0.8301, 0.8299, 0.673, 0.8339, 0.8084, 0.833, 0.8211, 0.831, 0.8183], [0.5138, 0.8026, 0.7963, 0.7558, 0.7868, 0.7998, 0.7846, 0.7984, 0.7993, 0.2768, 0.7954, 0.7879, 0.7958, 0.8007, 0.7815, 0.7855, 0.7542, 0.7986, 0.8023]]
Results: 	[[0.7601, 0.7613, 0.762, 0.7421, 0.755, 0.7563, 0.7315, 0.3761, 0.7305, 0.758, 0.5075, 0.7441, 0.7657, 0.757, 0.7339, 0.2838, 0.7606, 0.756, 0.7519, 0.7584], [0.8325, 0.8082, 0.8236, 0.83, 0.8149, 0.7495, 0.8263, 0.7867, 0.8195, 0.8319, 0.8301, 0.8299, 0.673, 0.8339, 0.8084, 0.833, 0.8211, 0.831, 0.8183, 0.8171], [0.5138, 0.8026, 0.7963, 0.7558, 0.7868, 0.7998, 0.7846, 0.7984, 0.7993, 0.2768, 0.7954, 0.7879, 0.7958, 0.8007, 0.7815, 0.7855, 0.7542, 0.7986, 0.8023, 0.7988]]
Results: 	[[0.7601, 0.7613, 0.762, 0.7421, 0.755, 0.7563, 0.7315, 0.3761, 0.7305, 0.758, 0.5075, 0.7441, 0.7657, 0.757, 0.7339, 0.2838, 0.7606, 0.756, 0.7519, 0.7584, 0.7541], [0.8325, 0.8082, 0.8236, 0.83, 0.8149, 0.7495, 0.8263, 0.7867, 0.8195, 0.8319, 0.8301, 0.8299, 0.673, 0.8339, 0.8084, 0.833, 0.8211, 0.831, 0.8183, 0.8171, 0.8322], [0.5138, 0.8026, 0.7963, 0.7558, 0.7868, 0.7998, 0.7846, 0.7984, 0.7993, 0.2768, 0.7954, 0.7879, 0.7958, 0.8007, 0.7815, 0.7855, 0.7542, 0.7986, 0.8023, 0.7988, 0.7884]]
Results: 	[[0.7601, 0.7613, 0.762, 0.7421, 0.755, 0.7563, 0.7315, 0.3761, 0.7305, 0.758, 0.5075, 0.7441, 0.7657, 0.757, 0.7339, 0.2838, 0.7606, 0.756, 0.7519, 0.7584, 0.7541, 0.7183], [0.8325, 0.8082, 0.8236, 0.83, 0.8149, 0.7495, 0.8263, 0.7867, 0.8195, 0.8319, 0.8301, 0.8299, 0.673, 0.8339, 0.8084, 0.833, 0.8211, 0.831, 0.8183, 0.8171, 0.8322, 0.8294], [0.5138, 0.8026, 0.7963, 0.7558, 0.7868, 0.7998, 0.7846, 0.7984, 0.7993, 0.2768, 0.7954, 0.7879, 0.7958, 0.8007, 0.7815, 0.7855, 0.7542, 0.7986, 0.8023, 0.7988, 0.7884, 0.614]]
Results: 	[[0.7601, 0.7613, 0.762, 0.7421, 0.755, 0.7563, 0.7315, 0.3761, 0.7305, 0.758, 0.5075, 0.7441, 0.7657, 0.757, 0.7339, 0.2838, 0.7606, 0.756, 0.7519, 0.7584, 0.7541, 0.7183, 0.7273], [0.8325, 0.8082, 0.8236, 0.83, 0.8149, 0.7495, 0.8263, 0.7867, 0.8195, 0.8319, 0.8301, 0.8299, 0.673, 0.8339, 0.8084, 0.833, 0.8211, 0.831, 0.8183, 0.8171, 0.8322, 0.8294, 0.8142], [0.5138, 0.8026, 0.7963, 0.7558, 0.7868, 0.7998, 0.7846, 0.7984, 0.7993, 0.2768, 0.7954, 0.7879, 0.7958, 0.8007, 0.7815, 0.7855, 0.7542, 0.7986, 0.8023, 0.7988, 0.7884, 0.614, 0.7996]]
Results: 	[[0.7601, 0.7613, 0.762, 0.7421, 0.755, 0.7563, 0.7315, 0.3761, 0.7305, 0.758, 0.5075, 0.7441, 0.7657, 0.757, 0.7339, 0.2838, 0.7606, 0.756, 0.7519, 0.7584, 0.7541, 0.7183, 0.7273, 0.7597], [0.8325, 0.8082, 0.8236, 0.83, 0.8149, 0.7495, 0.8263, 0.7867, 0.8195, 0.8319, 0.8301, 0.8299, 0.673, 0.8339, 0.8084, 0.833, 0.8211, 0.831, 0.8183, 0.8171, 0.8322, 0.8294, 0.8142, 0.8265], [0.5138, 0.8026, 0.7963, 0.7558, 0.7868, 0.7998, 0.7846, 0.7984, 0.7993, 0.2768, 0.7954, 0.7879, 0.7958, 0.8007, 0.7815, 0.7855, 0.7542, 0.7986, 0.8023, 0.7988, 0.7884, 0.614, 0.7996, 0.8004]]
Results: 	[[0.7601, 0.7613, 0.762, 0.7421, 0.755, 0.7563, 0.7315, 0.3761, 0.7305, 0.758, 0.5075, 0.7441, 0.7657, 0.757, 0.7339, 0.2838, 0.7606, 0.756, 0.7519, 0.7584, 0.7541, 0.7183, 0.7273, 0.7597, 0.762], [0.8325, 0.8082, 0.8236, 0.83, 0.8149, 0.7495, 0.8263, 0.7867, 0.8195, 0.8319, 0.8301, 0.8299, 0.673, 0.8339, 0.8084, 0.833, 0.8211, 0.831, 0.8183, 0.8171, 0.8322, 0.8294, 0.8142, 0.8265, 0.8346], [0.5138, 0.8026, 0.7963, 0.7558, 0.7868, 0.7998, 0.7846, 0.7984, 0.7993, 0.2768, 0.7954, 0.7879, 0.7958, 0.8007, 0.7815, 0.7855, 0.7542, 0.7986, 0.8023, 0.7988, 0.7884, 0.614, 0.7996, 0.8004, 0.7936]]
Results: 	[[0.7601, 0.7613, 0.762, 0.7421, 0.755, 0.7563, 0.7315, 0.3761, 0.7305, 0.758, 0.5075, 0.7441, 0.7657, 0.757, 0.7339, 0.2838, 0.7606, 0.756, 0.7519, 0.7584, 0.7541, 0.7183, 0.7273, 0.7597, 0.762, 0.754], [0.8325, 0.8082, 0.8236, 0.83, 0.8149, 0.7495, 0.8263, 0.7867, 0.8195, 0.8319, 0.8301, 0.8299, 0.673, 0.8339, 0.8084, 0.833, 0.8211, 0.831, 0.8183, 0.8171, 0.8322, 0.8294, 0.8142, 0.8265, 0.8346, 0.8292], [0.5138, 0.8026, 0.7963, 0.7558, 0.7868, 0.7998, 0.7846, 0.7984, 0.7993, 0.2768, 0.7954, 0.7879, 0.7958, 0.8007, 0.7815, 0.7855, 0.7542, 0.7986, 0.8023, 0.7988, 0.7884, 0.614, 0.7996, 0.8004, 0.7936, 0.7917]]
Results: 	[[0.7601, 0.7613, 0.762, 0.7421, 0.755, 0.7563, 0.7315, 0.3761, 0.7305, 0.758, 0.5075, 0.7441, 0.7657, 0.757, 0.7339, 0.2838, 0.7606, 0.756, 0.7519, 0.7584, 0.7541, 0.7183, 0.7273, 0.7597, 0.762, 0.754, 0.7673], [0.8325, 0.8082, 0.8236, 0.83, 0.8149, 0.7495, 0.8263, 0.7867, 0.8195, 0.8319, 0.8301, 0.8299, 0.673, 0.8339, 0.8084, 0.833, 0.8211, 0.831, 0.8183, 0.8171, 0.8322, 0.8294, 0.8142, 0.8265, 0.8346, 0.8292, 0.8161], [0.5138, 0.8026, 0.7963, 0.7558, 0.7868, 0.7998, 0.7846, 0.7984, 0.7993, 0.2768, 0.7954, 0.7879, 0.7958, 0.8007, 0.7815, 0.7855, 0.7542, 0.7986, 0.8023, 0.7988, 0.7884, 0.614, 0.7996, 0.8004, 0.7936, 0.7917, 0.7848]]
Results: 	[[0.7601, 0.7613, 0.762, 0.7421, 0.755, 0.7563, 0.7315, 0.3761, 0.7305, 0.758, 0.5075, 0.7441, 0.7657, 0.757, 0.7339, 0.2838, 0.7606, 0.756, 0.7519, 0.7584, 0.7541, 0.7183, 0.7273, 0.7597, 0.762, 0.754, 0.7673, 0.7583], [0.8325, 0.8082, 0.8236, 0.83, 0.8149, 0.7495, 0.8263, 0.7867, 0.8195, 0.8319, 0.8301, 0.8299, 0.673, 0.8339, 0.8084, 0.833, 0.8211, 0.831, 0.8183, 0.8171, 0.8322, 0.8294, 0.8142, 0.8265, 0.8346, 0.8292, 0.8161, 0.8302], [0.5138, 0.8026, 0.7963, 0.7558, 0.7868, 0.7998, 0.7846, 0.7984, 0.7993, 0.2768, 0.7954, 0.7879, 0.7958, 0.8007, 0.7815, 0.7855, 0.7542, 0.7986, 0.8023, 0.7988, 0.7884, 0.614, 0.7996, 0.8004, 0.7936, 0.7917, 0.7848, 0.7881]]
Results: 	[[0.7601, 0.7613, 0.762, 0.7421, 0.755, 0.7563, 0.7315, 0.3761, 0.7305, 0.758, 0.5075, 0.7441, 0.7657, 0.757, 0.7339, 0.2838, 0.7606, 0.756, 0.7519, 0.7584, 0.7541, 0.7183, 0.7273, 0.7597, 0.762, 0.754, 0.7673, 0.7583, 0.7558], [0.8325, 0.8082, 0.8236, 0.83, 0.8149, 0.7495, 0.8263, 0.7867, 0.8195, 0.8319, 0.8301, 0.8299, 0.673, 0.8339, 0.8084, 0.833, 0.8211, 0.831, 0.8183, 0.8171, 0.8322, 0.8294, 0.8142, 0.8265, 0.8346, 0.8292, 0.8161, 0.8302, 0.8259], [0.5138, 0.8026, 0.7963, 0.7558, 0.7868, 0.7998, 0.7846, 0.7984, 0.7993, 0.2768, 0.7954, 0.7879, 0.7958, 0.8007, 0.7815, 0.7855, 0.7542, 0.7986, 0.8023, 0.7988, 0.7884, 0.614, 0.7996, 0.8004, 0.7936, 0.7917, 0.7848, 0.7881, 0.7549]]
Results: 	[[0.7601, 0.7613, 0.762, 0.7421, 0.755, 0.7563, 0.7315, 0.3761, 0.7305, 0.758, 0.5075, 0.7441, 0.7657, 0.757, 0.7339, 0.2838, 0.7606, 0.756, 0.7519, 0.7584, 0.7541, 0.7183, 0.7273, 0.7597, 0.762, 0.754, 0.7673, 0.7583, 0.7558, 0.7571], [0.8325, 0.8082, 0.8236, 0.83, 0.8149, 0.7495, 0.8263, 0.7867, 0.8195, 0.8319, 0.8301, 0.8299, 0.673, 0.8339, 0.8084, 0.833, 0.8211, 0.831, 0.8183, 0.8171, 0.8322, 0.8294, 0.8142, 0.8265, 0.8346, 0.8292, 0.8161, 0.8302, 0.8259, 0.8307], [0.5138, 0.8026, 0.7963, 0.7558, 0.7868, 0.7998, 0.7846, 0.7984, 0.7993, 0.2768, 0.7954, 0.7879, 0.7958, 0.8007, 0.7815, 0.7855, 0.7542, 0.7986, 0.8023, 0.7988, 0.7884, 0.614, 0.7996, 0.8004, 0.7936, 0.7917, 0.7848, 0.7881, 0.7549, 0.7844]]

-----------------------------------------------------------------
Task                                            Acc         F1      AUROC  (mean±std)
-----------------------------------------------------------------
SR-HSE                                   0.7361±0.1464  0.2263±0.0600  0.7155±0.1132
SR-MMP                                   0.7652±0.0924  0.4933±0.0488  0.8163±0.0314
SR-p53                                   0.7494±0.1277  0.2620±0.0597  0.7572±0.1070

OVERALL AVERAGE                          0.7502              0.3272              0.7630
-----------------------------------------------------------------
