
=================================================================
Variant : CNN + FP  |  10-shot
Dataset : sider  |  K_shot=10
Tasks   : ['Renal and urinary disorders', 'Pregnancy, puerperium and perinatal conditions', 'Ear and labyrinth disorders', 'Cardiac disorders', 'Nervous system disorders', 'Injury, poisoning and procedural complications']
=================================================================
Results: 	[[0.8371], [0.7909], [0.7833], [0.8247], [0.897], [0.8165]]
Results: 	[[0.8371, 0.8393], [0.7909, 0.7823], [0.7833, 0.816], [0.8247, 0.8232], [0.897, 0.8857], [0.8165, 0.8153]]
Results: 	[[0.8371, 0.8393, 0.8411], [0.7909, 0.7823, 0.7977], [0.7833, 0.816, 0.8127], [0.8247, 0.8232, 0.8265], [0.897, 0.8857, 0.886], [0.8165, 0.8153, 0.8174]]
Results: 	[[0.8371, 0.8393, 0.8411, 0.8288], [0.7909, 0.7823, 0.7977, 0.787], [0.7833, 0.816, 0.8127, 0.8125], [0.8247, 0.8232, 0.8265, 0.804], [0.897, 0.8857, 0.886, 0.8882], [0.8165, 0.8153, 0.8174, 0.8175]]
Results: 	[[0.8371, 0.8393, 0.8411, 0.8288, 0.8378], [0.7909, 0.7823, 0.7977, 0.787, 0.7858], [0.7833, 0.816, 0.8127, 0.8125, 0.814], [0.8247, 0.8232, 0.8265, 0.804, 0.8229], [0.897, 0.8857, 0.886, 0.8882, 0.8905], [0.8165, 0.8153, 0.8174, 0.8175, 0.8108]]
Results: 	[[0.8371, 0.8393, 0.8411, 0.8288, 0.8378, 0.8233], [0.7909, 0.7823, 0.7977, 0.787, 0.7858, 0.7847], [0.7833, 0.816, 0.8127, 0.8125, 0.814, 0.8046], [0.8247, 0.8232, 0.8265, 0.804, 0.8229, 0.8236], [0.897, 0.8857, 0.886, 0.8882, 0.8905, 0.8828], [0.8165, 0.8153, 0.8174, 0.8175, 0.8108, 0.8164]]
Results: 	[[0.8371, 0.8393, 0.8411, 0.8288, 0.8378, 0.8233, 0.8375], [0.7909, 0.7823, 0.7977, 0.787, 0.7858, 0.7847, 0.788], [0.7833, 0.816, 0.8127, 0.8125, 0.814, 0.8046, 0.8144], [0.8247, 0.8232, 0.8265, 0.804, 0.8229, 0.8236, 0.8256], [0.897, 0.8857, 0.886, 0.8882, 0.8905, 0.8828, 0.889], [0.8165, 0.8153, 0.8174, 0.8175, 0.8108, 0.8164, 0.81]]
Results: 	[[0.8371, 0.8393, 0.8411, 0.8288, 0.8378, 0.8233, 0.8375, 0.82], [0.7909, 0.7823, 0.7977, 0.787, 0.7858, 0.7847, 0.788, 0.7859], [0.7833, 0.816, 0.8127, 0.8125, 0.814, 0.8046, 0.8144, 0.8087], [0.8247, 0.8232, 0.8265, 0.804, 0.8229, 0.8236, 0.8256, 0.8241], [0.897, 0.8857, 0.886, 0.8882, 0.8905, 0.8828, 0.889, 0.888], [0.8165, 0.8153, 0.8174, 0.8175, 0.8108, 0.8164, 0.81, 0.8157]]
Results: 	[[0.8371, 0.8393, 0.8411, 0.8288, 0.8378, 0.8233, 0.8375, 0.82, 0.8303], [0.7909, 0.7823, 0.7977, 0.787, 0.7858, 0.7847, 0.788, 0.7859, 0.7947], [0.7833, 0.816, 0.8127, 0.8125, 0.814, 0.8046, 0.8144, 0.8087, 0.8095], [0.8247, 0.8232, 0.8265, 0.804, 0.8229, 0.8236, 0.8256, 0.8241, 0.8187], [0.897, 0.8857, 0.886, 0.8882, 0.8905, 0.8828, 0.889, 0.888, 0.8918], [0.8165, 0.8153, 0.8174, 0.8175, 0.8108, 0.8164, 0.81, 0.8157, 0.8125]]
Results: 	[[0.8371, 0.8393, 0.8411, 0.8288, 0.8378, 0.8233, 0.8375, 0.82, 0.8303, 0.8348], [0.7909, 0.7823, 0.7977, 0.787, 0.7858, 0.7847, 0.788, 0.7859, 0.7947, 0.7856], [0.7833, 0.816, 0.8127, 0.8125, 0.814, 0.8046, 0.8144, 0.8087, 0.8095, 0.7757], [0.8247, 0.8232, 0.8265, 0.804, 0.8229, 0.8236, 0.8256, 0.8241, 0.8187, 0.8161], [0.897, 0.8857, 0.886, 0.8882, 0.8905, 0.8828, 0.889, 0.888, 0.8918, 0.8838], [0.8165, 0.8153, 0.8174, 0.8175, 0.8108, 0.8164, 0.81, 0.8157, 0.8125, 0.8159]]
Results: 	[[0.8371, 0.8393, 0.8411, 0.8288, 0.8378, 0.8233, 0.8375, 0.82, 0.8303, 0.8348, 0.8406], [0.7909, 0.7823, 0.7977, 0.787, 0.7858, 0.7847, 0.788, 0.7859, 0.7947, 0.7856, 0.781], [0.7833, 0.816, 0.8127, 0.8125, 0.814, 0.8046, 0.8144, 0.8087, 0.8095, 0.7757, 0.7374], [0.8247, 0.8232, 0.8265, 0.804, 0.8229, 0.8236, 0.8256, 0.8241, 0.8187, 0.8161, 0.8256], [0.897, 0.8857, 0.886, 0.8882, 0.8905, 0.8828, 0.889, 0.888, 0.8918, 0.8838, 0.8886], [0.8165, 0.8153, 0.8174, 0.8175, 0.8108, 0.8164, 0.81, 0.8157, 0.8125, 0.8159, 0.8028]]
Results: 	[[0.8371, 0.8393, 0.8411, 0.8288, 0.8378, 0.8233, 0.8375, 0.82, 0.8303, 0.8348, 0.8406, 0.8417], [0.7909, 0.7823, 0.7977, 0.787, 0.7858, 0.7847, 0.788, 0.7859, 0.7947, 0.7856, 0.781, 0.7896], [0.7833, 0.816, 0.8127, 0.8125, 0.814, 0.8046, 0.8144, 0.8087, 0.8095, 0.7757, 0.7374, 0.8157], [0.8247, 0.8232, 0.8265, 0.804, 0.8229, 0.8236, 0.8256, 0.8241, 0.8187, 0.8161, 0.8256, 0.8257], [0.897, 0.8857, 0.886, 0.8882, 0.8905, 0.8828, 0.889, 0.888, 0.8918, 0.8838, 0.8886, 0.8854], [0.8165, 0.8153, 0.8174, 0.8175, 0.8108, 0.8164, 0.81, 0.8157, 0.8125, 0.8159, 0.8028, 0.8152]]
Results: 	[[0.8371, 0.8393, 0.8411, 0.8288, 0.8378, 0.8233, 0.8375, 0.82, 0.8303, 0.8348, 0.8406, 0.8417, 0.8195], [0.7909, 0.7823, 0.7977, 0.787, 0.7858, 0.7847, 0.788, 0.7859, 0.7947, 0.7856, 0.781, 0.7896, 0.7794], [0.7833, 0.816, 0.8127, 0.8125, 0.814, 0.8046, 0.8144, 0.8087, 0.8095, 0.7757, 0.7374, 0.8157, 0.8151], [0.8247, 0.8232, 0.8265, 0.804, 0.8229, 0.8236, 0.8256, 0.8241, 0.8187, 0.8161, 0.8256, 0.8257, 0.8191], [0.897, 0.8857, 0.886, 0.8882, 0.8905, 0.8828, 0.889, 0.888, 0.8918, 0.8838, 0.8886, 0.8854, 0.8909], [0.8165, 0.8153, 0.8174, 0.8175, 0.8108, 0.8164, 0.81, 0.8157, 0.8125, 0.8159, 0.8028, 0.8152, 0.8144]]
Results: 	[[0.8371, 0.8393, 0.8411, 0.8288, 0.8378, 0.8233, 0.8375, 0.82, 0.8303, 0.8348, 0.8406, 0.8417, 0.8195, 0.8356], [0.7909, 0.7823, 0.7977, 0.787, 0.7858, 0.7847, 0.788, 0.7859, 0.7947, 0.7856, 0.781, 0.7896, 0.7794, 0.7913], [0.7833, 0.816, 0.8127, 0.8125, 0.814, 0.8046, 0.8144, 0.8087, 0.8095, 0.7757, 0.7374, 0.8157, 0.8151, 0.8047], [0.8247, 0.8232, 0.8265, 0.804, 0.8229, 0.8236, 0.8256, 0.8241, 0.8187, 0.8161, 0.8256, 0.8257, 0.8191, 0.8122], [0.897, 0.8857, 0.886, 0.8882, 0.8905, 0.8828, 0.889, 0.888, 0.8918, 0.8838, 0.8886, 0.8854, 0.8909, 0.8866], [0.8165, 0.8153, 0.8174, 0.8175, 0.8108, 0.8164, 0.81, 0.8157, 0.8125, 0.8159, 0.8028, 0.8152, 0.8144, 0.8124]]
Results: 	[[0.8371, 0.8393, 0.8411, 0.8288, 0.8378, 0.8233, 0.8375, 0.82, 0.8303, 0.8348, 0.8406, 0.8417, 0.8195, 0.8356, 0.823], [0.7909, 0.7823, 0.7977, 0.787, 0.7858, 0.7847, 0.788, 0.7859, 0.7947, 0.7856, 0.781, 0.7896, 0.7794, 0.7913, 0.7843], [0.7833, 0.816, 0.8127, 0.8125, 0.814, 0.8046, 0.8144, 0.8087, 0.8095, 0.7757, 0.7374, 0.8157, 0.8151, 0.8047, 0.8037], [0.8247, 0.8232, 0.8265, 0.804, 0.8229, 0.8236, 0.8256, 0.8241, 0.8187, 0.8161, 0.8256, 0.8257, 0.8191, 0.8122, 0.8173], [0.897, 0.8857, 0.886, 0.8882, 0.8905, 0.8828, 0.889, 0.888, 0.8918, 0.8838, 0.8886, 0.8854, 0.8909, 0.8866, 0.8886], [0.8165, 0.8153, 0.8174, 0.8175, 0.8108, 0.8164, 0.81, 0.8157, 0.8125, 0.8159, 0.8028, 0.8152, 0.8144, 0.8124, 0.8154]]
Results: 	[[0.8371, 0.8393, 0.8411, 0.8288, 0.8378, 0.8233, 0.8375, 0.82, 0.8303, 0.8348, 0.8406, 0.8417, 0.8195, 0.8356, 0.823, 0.8383], [0.7909, 0.7823, 0.7977, 0.787, 0.7858, 0.7847, 0.788, 0.7859, 0.7947, 0.7856, 0.781, 0.7896, 0.7794, 0.7913, 0.7843, 0.7848], [0.7833, 0.816, 0.8127, 0.8125, 0.814, 0.8046, 0.8144, 0.8087, 0.8095, 0.7757, 0.7374, 0.8157, 0.8151, 0.8047, 0.8037, 0.8142], [0.8247, 0.8232, 0.8265, 0.804, 0.8229, 0.8236, 0.8256, 0.8241, 0.8187, 0.8161, 0.8256, 0.8257, 0.8191, 0.8122, 0.8173, 0.8128], [0.897, 0.8857, 0.886, 0.8882, 0.8905, 0.8828, 0.889, 0.888, 0.8918, 0.8838, 0.8886, 0.8854, 0.8909, 0.8866, 0.8886, 0.887], [0.8165, 0.8153, 0.8174, 0.8175, 0.8108, 0.8164, 0.81, 0.8157, 0.8125, 0.8159, 0.8028, 0.8152, 0.8144, 0.8124, 0.8154, 0.7923]]
Results: 	[[0.8371, 0.8393, 0.8411, 0.8288, 0.8378, 0.8233, 0.8375, 0.82, 0.8303, 0.8348, 0.8406, 0.8417, 0.8195, 0.8356, 0.823, 0.8383, 0.8267], [0.7909, 0.7823, 0.7977, 0.787, 0.7858, 0.7847, 0.788, 0.7859, 0.7947, 0.7856, 0.781, 0.7896, 0.7794, 0.7913, 0.7843, 0.7848, 0.7908], [0.7833, 0.816, 0.8127, 0.8125, 0.814, 0.8046, 0.8144, 0.8087, 0.8095, 0.7757, 0.7374, 0.8157, 0.8151, 0.8047, 0.8037, 0.8142, 0.8147], [0.8247, 0.8232, 0.8265, 0.804, 0.8229, 0.8236, 0.8256, 0.8241, 0.8187, 0.8161, 0.8256, 0.8257, 0.8191, 0.8122, 0.8173, 0.8128, 0.7955], [0.897, 0.8857, 0.886, 0.8882, 0.8905, 0.8828, 0.889, 0.888, 0.8918, 0.8838, 0.8886, 0.8854, 0.8909, 0.8866, 0.8886, 0.887, 0.8914], [0.8165, 0.8153, 0.8174, 0.8175, 0.8108, 0.8164, 0.81, 0.8157, 0.8125, 0.8159, 0.8028, 0.8152, 0.8144, 0.8124, 0.8154, 0.7923, 0.8179]]
Results: 	[[0.8371, 0.8393, 0.8411, 0.8288, 0.8378, 0.8233, 0.8375, 0.82, 0.8303, 0.8348, 0.8406, 0.8417, 0.8195, 0.8356, 0.823, 0.8383, 0.8267, 0.8351], [0.7909, 0.7823, 0.7977, 0.787, 0.7858, 0.7847, 0.788, 0.7859, 0.7947, 0.7856, 0.781, 0.7896, 0.7794, 0.7913, 0.7843, 0.7848, 0.7908, 0.7893], [0.7833, 0.816, 0.8127, 0.8125, 0.814, 0.8046, 0.8144, 0.8087, 0.8095, 0.7757, 0.7374, 0.8157, 0.8151, 0.8047, 0.8037, 0.8142, 0.8147, 0.7851], [0.8247, 0.8232, 0.8265, 0.804, 0.8229, 0.8236, 0.8256, 0.8241, 0.8187, 0.8161, 0.8256, 0.8257, 0.8191, 0.8122, 0.8173, 0.8128, 0.7955, 0.8217], [0.897, 0.8857, 0.886, 0.8882, 0.8905, 0.8828, 0.889, 0.888, 0.8918, 0.8838, 0.8886, 0.8854, 0.8909, 0.8866, 0.8886, 0.887, 0.8914, 0.8875], [0.8165, 0.8153, 0.8174, 0.8175, 0.8108, 0.8164, 0.81, 0.8157, 0.8125, 0.8159, 0.8028, 0.8152, 0.8144, 0.8124, 0.8154, 0.7923, 0.8179, 0.8138]]
Results: 	[[0.8371, 0.8393, 0.8411, 0.8288, 0.8378, 0.8233, 0.8375, 0.82, 0.8303, 0.8348, 0.8406, 0.8417, 0.8195, 0.8356, 0.823, 0.8383, 0.8267, 0.8351, 0.8364], [0.7909, 0.7823, 0.7977, 0.787, 0.7858, 0.7847, 0.788, 0.7859, 0.7947, 0.7856, 0.781, 0.7896, 0.7794, 0.7913, 0.7843, 0.7848, 0.7908, 0.7893, 0.7781], [0.7833, 0.816, 0.8127, 0.8125, 0.814, 0.8046, 0.8144, 0.8087, 0.8095, 0.7757, 0.7374, 0.8157, 0.8151, 0.8047, 0.8037, 0.8142, 0.8147, 0.7851, 0.802], [0.8247, 0.8232, 0.8265, 0.804, 0.8229, 0.8236, 0.8256, 0.8241, 0.8187, 0.8161, 0.8256, 0.8257, 0.8191, 0.8122, 0.8173, 0.8128, 0.7955, 0.8217, 0.8231], [0.897, 0.8857, 0.886, 0.8882, 0.8905, 0.8828, 0.889, 0.888, 0.8918, 0.8838, 0.8886, 0.8854, 0.8909, 0.8866, 0.8886, 0.887, 0.8914, 0.8875, 0.8868], [0.8165, 0.8153, 0.8174, 0.8175, 0.8108, 0.8164, 0.81, 0.8157, 0.8125, 0.8159, 0.8028, 0.8152, 0.8144, 0.8124, 0.8154, 0.7923, 0.8179, 0.8138, 0.8059]]
Results: 	[[0.8371, 0.8393, 0.8411, 0.8288, 0.8378, 0.8233, 0.8375, 0.82, 0.8303, 0.8348, 0.8406, 0.8417, 0.8195, 0.8356, 0.823, 0.8383, 0.8267, 0.8351, 0.8364, 0.8222], [0.7909, 0.7823, 0.7977, 0.787, 0.7858, 0.7847, 0.788, 0.7859, 0.7947, 0.7856, 0.781, 0.7896, 0.7794, 0.7913, 0.7843, 0.7848, 0.7908, 0.7893, 0.7781, 0.7762], [0.7833, 0.816, 0.8127, 0.8125, 0.814, 0.8046, 0.8144, 0.8087, 0.8095, 0.7757, 0.7374, 0.8157, 0.8151, 0.8047, 0.8037, 0.8142, 0.8147, 0.7851, 0.802, 0.8096], [0.8247, 0.8232, 0.8265, 0.804, 0.8229, 0.8236, 0.8256, 0.8241, 0.8187, 0.8161, 0.8256, 0.8257, 0.8191, 0.8122, 0.8173, 0.8128, 0.7955, 0.8217, 0.8231, 0.8215], [0.897, 0.8857, 0.886, 0.8882, 0.8905, 0.8828, 0.889, 0.888, 0.8918, 0.8838, 0.8886, 0.8854, 0.8909, 0.8866, 0.8886, 0.887, 0.8914, 0.8875, 0.8868, 0.8852], [0.8165, 0.8153, 0.8174, 0.8175, 0.8108, 0.8164, 0.81, 0.8157, 0.8125, 0.8159, 0.8028, 0.8152, 0.8144, 0.8124, 0.8154, 0.7923, 0.8179, 0.8138, 0.8059, 0.8176]]
Results: 	[[0.8371, 0.8393, 0.8411, 0.8288, 0.8378, 0.8233, 0.8375, 0.82, 0.8303, 0.8348, 0.8406, 0.8417, 0.8195, 0.8356, 0.823, 0.8383, 0.8267, 0.8351, 0.8364, 0.8222, 0.8393], [0.7909, 0.7823, 0.7977, 0.787, 0.7858, 0.7847, 0.788, 0.7859, 0.7947, 0.7856, 0.781, 0.7896, 0.7794, 0.7913, 0.7843, 0.7848, 0.7908, 0.7893, 0.7781, 0.7762, 0.7897], [0.7833, 0.816, 0.8127, 0.8125, 0.814, 0.8046, 0.8144, 0.8087, 0.8095, 0.7757, 0.7374, 0.8157, 0.8151, 0.8047, 0.8037, 0.8142, 0.8147, 0.7851, 0.802, 0.8096, 0.8162], [0.8247, 0.8232, 0.8265, 0.804, 0.8229, 0.8236, 0.8256, 0.8241, 0.8187, 0.8161, 0.8256, 0.8257, 0.8191, 0.8122, 0.8173, 0.8128, 0.7955, 0.8217, 0.8231, 0.8215, 0.826], [0.897, 0.8857, 0.886, 0.8882, 0.8905, 0.8828, 0.889, 0.888, 0.8918, 0.8838, 0.8886, 0.8854, 0.8909, 0.8866, 0.8886, 0.887, 0.8914, 0.8875, 0.8868, 0.8852, 0.888], [0.8165, 0.8153, 0.8174, 0.8175, 0.8108, 0.8164, 0.81, 0.8157, 0.8125, 0.8159, 0.8028, 0.8152, 0.8144, 0.8124, 0.8154, 0.7923, 0.8179, 0.8138, 0.8059, 0.8176, 0.8155]]
Results: 	[[0.8371, 0.8393, 0.8411, 0.8288, 0.8378, 0.8233, 0.8375, 0.82, 0.8303, 0.8348, 0.8406, 0.8417, 0.8195, 0.8356, 0.823, 0.8383, 0.8267, 0.8351, 0.8364, 0.8222, 0.8393, 0.836], [0.7909, 0.7823, 0.7977, 0.787, 0.7858, 0.7847, 0.788, 0.7859, 0.7947, 0.7856, 0.781, 0.7896, 0.7794, 0.7913, 0.7843, 0.7848, 0.7908, 0.7893, 0.7781, 0.7762, 0.7897, 0.782], [0.7833, 0.816, 0.8127, 0.8125, 0.814, 0.8046, 0.8144, 0.8087, 0.8095, 0.7757, 0.7374, 0.8157, 0.8151, 0.8047, 0.8037, 0.8142, 0.8147, 0.7851, 0.802, 0.8096, 0.8162, 0.8061], [0.8247, 0.8232, 0.8265, 0.804, 0.8229, 0.8236, 0.8256, 0.8241, 0.8187, 0.8161, 0.8256, 0.8257, 0.8191, 0.8122, 0.8173, 0.8128, 0.7955, 0.8217, 0.8231, 0.8215, 0.826, 0.8177], [0.897, 0.8857, 0.886, 0.8882, 0.8905, 0.8828, 0.889, 0.888, 0.8918, 0.8838, 0.8886, 0.8854, 0.8909, 0.8866, 0.8886, 0.887, 0.8914, 0.8875, 0.8868, 0.8852, 0.888, 0.889], [0.8165, 0.8153, 0.8174, 0.8175, 0.8108, 0.8164, 0.81, 0.8157, 0.8125, 0.8159, 0.8028, 0.8152, 0.8144, 0.8124, 0.8154, 0.7923, 0.8179, 0.8138, 0.8059, 0.8176, 0.8155, 0.816]]
Results: 	[[0.8371, 0.8393, 0.8411, 0.8288, 0.8378, 0.8233, 0.8375, 0.82, 0.8303, 0.8348, 0.8406, 0.8417, 0.8195, 0.8356, 0.823, 0.8383, 0.8267, 0.8351, 0.8364, 0.8222, 0.8393, 0.836, 0.8338], [0.7909, 0.7823, 0.7977, 0.787, 0.7858, 0.7847, 0.788, 0.7859, 0.7947, 0.7856, 0.781, 0.7896, 0.7794, 0.7913, 0.7843, 0.7848, 0.7908, 0.7893, 0.7781, 0.7762, 0.7897, 0.782, 0.7775], [0.7833, 0.816, 0.8127, 0.8125, 0.814, 0.8046, 0.8144, 0.8087, 0.8095, 0.7757, 0.7374, 0.8157, 0.8151, 0.8047, 0.8037, 0.8142, 0.8147, 0.7851, 0.802, 0.8096, 0.8162, 0.8061, 0.8169], [0.8247, 0.8232, 0.8265, 0.804, 0.8229, 0.8236, 0.8256, 0.8241, 0.8187, 0.8161, 0.8256, 0.8257, 0.8191, 0.8122, 0.8173, 0.8128, 0.7955, 0.8217, 0.8231, 0.8215, 0.826, 0.8177, 0.815], [0.897, 0.8857, 0.886, 0.8882, 0.8905, 0.8828, 0.889, 0.888, 0.8918, 0.8838, 0.8886, 0.8854, 0.8909, 0.8866, 0.8886, 0.887, 0.8914, 0.8875, 0.8868, 0.8852, 0.888, 0.889, 0.8889], [0.8165, 0.8153, 0.8174, 0.8175, 0.8108, 0.8164, 0.81, 0.8157, 0.8125, 0.8159, 0.8028, 0.8152, 0.8144, 0.8124, 0.8154, 0.7923, 0.8179, 0.8138, 0.8059, 0.8176, 0.8155, 0.816, 0.8131]]
Results: 	[[0.8371, 0.8393, 0.8411, 0.8288, 0.8378, 0.8233, 0.8375, 0.82, 0.8303, 0.8348, 0.8406, 0.8417, 0.8195, 0.8356, 0.823, 0.8383, 0.8267, 0.8351, 0.8364, 0.8222, 0.8393, 0.836, 0.8338, 0.823], [0.7909, 0.7823, 0.7977, 0.787, 0.7858, 0.7847, 0.788, 0.7859, 0.7947, 0.7856, 0.781, 0.7896, 0.7794, 0.7913, 0.7843, 0.7848, 0.7908, 0.7893, 0.7781, 0.7762, 0.7897, 0.782, 0.7775, 0.7816], [0.7833, 0.816, 0.8127, 0.8125, 0.814, 0.8046, 0.8144, 0.8087, 0.8095, 0.7757, 0.7374, 0.8157, 0.8151, 0.8047, 0.8037, 0.8142, 0.8147, 0.7851, 0.802, 0.8096, 0.8162, 0.8061, 0.8169, 0.8113], [0.8247, 0.8232, 0.8265, 0.804, 0.8229, 0.8236, 0.8256, 0.8241, 0.8187, 0.8161, 0.8256, 0.8257, 0.8191, 0.8122, 0.8173, 0.8128, 0.7955, 0.8217, 0.8231, 0.8215, 0.826, 0.8177, 0.815, 0.8016], [0.897, 0.8857, 0.886, 0.8882, 0.8905, 0.8828, 0.889, 0.888, 0.8918, 0.8838, 0.8886, 0.8854, 0.8909, 0.8866, 0.8886, 0.887, 0.8914, 0.8875, 0.8868, 0.8852, 0.888, 0.889, 0.8889, 0.8911], [0.8165, 0.8153, 0.8174, 0.8175, 0.8108, 0.8164, 0.81, 0.8157, 0.8125, 0.8159, 0.8028, 0.8152, 0.8144, 0.8124, 0.8154, 0.7923, 0.8179, 0.8138, 0.8059, 0.8176, 0.8155, 0.816, 0.8131, 0.8068]]
Results: 	[[0.8371, 0.8393, 0.8411, 0.8288, 0.8378, 0.8233, 0.8375, 0.82, 0.8303, 0.8348, 0.8406, 0.8417, 0.8195, 0.8356, 0.823, 0.8383, 0.8267, 0.8351, 0.8364, 0.8222, 0.8393, 0.836, 0.8338, 0.823, 0.83], [0.7909, 0.7823, 0.7977, 0.787, 0.7858, 0.7847, 0.788, 0.7859, 0.7947, 0.7856, 0.781, 0.7896, 0.7794, 0.7913, 0.7843, 0.7848, 0.7908, 0.7893, 0.7781, 0.7762, 0.7897, 0.782, 0.7775, 0.7816, 0.7866], [0.7833, 0.816, 0.8127, 0.8125, 0.814, 0.8046, 0.8144, 0.8087, 0.8095, 0.7757, 0.7374, 0.8157, 0.8151, 0.8047, 0.8037, 0.8142, 0.8147, 0.7851, 0.802, 0.8096, 0.8162, 0.8061, 0.8169, 0.8113, 0.8086], [0.8247, 0.8232, 0.8265, 0.804, 0.8229, 0.8236, 0.8256, 0.8241, 0.8187, 0.8161, 0.8256, 0.8257, 0.8191, 0.8122, 0.8173, 0.8128, 0.7955, 0.8217, 0.8231, 0.8215, 0.826, 0.8177, 0.815, 0.8016, 0.828], [0.897, 0.8857, 0.886, 0.8882, 0.8905, 0.8828, 0.889, 0.888, 0.8918, 0.8838, 0.8886, 0.8854, 0.8909, 0.8866, 0.8886, 0.887, 0.8914, 0.8875, 0.8868, 0.8852, 0.888, 0.889, 0.8889, 0.8911, 0.8903], [0.8165, 0.8153, 0.8174, 0.8175, 0.8108, 0.8164, 0.81, 0.8157, 0.8125, 0.8159, 0.8028, 0.8152, 0.8144, 0.8124, 0.8154, 0.7923, 0.8179, 0.8138, 0.8059, 0.8176, 0.8155, 0.816, 0.8131, 0.8068, 0.7453]]
Results: 	[[0.8371, 0.8393, 0.8411, 0.8288, 0.8378, 0.8233, 0.8375, 0.82, 0.8303, 0.8348, 0.8406, 0.8417, 0.8195, 0.8356, 0.823, 0.8383, 0.8267, 0.8351, 0.8364, 0.8222, 0.8393, 0.836, 0.8338, 0.823, 0.83, 0.8345], [0.7909, 0.7823, 0.7977, 0.787, 0.7858, 0.7847, 0.788, 0.7859, 0.7947, 0.7856, 0.781, 0.7896, 0.7794, 0.7913, 0.7843, 0.7848, 0.7908, 0.7893, 0.7781, 0.7762, 0.7897, 0.782, 0.7775, 0.7816, 0.7866, 0.7875], [0.7833, 0.816, 0.8127, 0.8125, 0.814, 0.8046, 0.8144, 0.8087, 0.8095, 0.7757, 0.7374, 0.8157, 0.8151, 0.8047, 0.8037, 0.8142, 0.8147, 0.7851, 0.802, 0.8096, 0.8162, 0.8061, 0.8169, 0.8113, 0.8086, 0.812], [0.8247, 0.8232, 0.8265, 0.804, 0.8229, 0.8236, 0.8256, 0.8241, 0.8187, 0.8161, 0.8256, 0.8257, 0.8191, 0.8122, 0.8173, 0.8128, 0.7955, 0.8217, 0.8231, 0.8215, 0.826, 0.8177, 0.815, 0.8016, 0.828, 0.8087], [0.897, 0.8857, 0.886, 0.8882, 0.8905, 0.8828, 0.889, 0.888, 0.8918, 0.8838, 0.8886, 0.8854, 0.8909, 0.8866, 0.8886, 0.887, 0.8914, 0.8875, 0.8868, 0.8852, 0.888, 0.889, 0.8889, 0.8911, 0.8903, 0.8907], [0.8165, 0.8153, 0.8174, 0.8175, 0.8108, 0.8164, 0.81, 0.8157, 0.8125, 0.8159, 0.8028, 0.8152, 0.8144, 0.8124, 0.8154, 0.7923, 0.8179, 0.8138, 0.8059, 0.8176, 0.8155, 0.816, 0.8131, 0.8068, 0.7453, 0.8156]]
Results: 	[[0.8371, 0.8393, 0.8411, 0.8288, 0.8378, 0.8233, 0.8375, 0.82, 0.8303, 0.8348, 0.8406, 0.8417, 0.8195, 0.8356, 0.823, 0.8383, 0.8267, 0.8351, 0.8364, 0.8222, 0.8393, 0.836, 0.8338, 0.823, 0.83, 0.8345, 0.8388], [0.7909, 0.7823, 0.7977, 0.787, 0.7858, 0.7847, 0.788, 0.7859, 0.7947, 0.7856, 0.781, 0.7896, 0.7794, 0.7913, 0.7843, 0.7848, 0.7908, 0.7893, 0.7781, 0.7762, 0.7897, 0.782, 0.7775, 0.7816, 0.7866, 0.7875, 0.7788], [0.7833, 0.816, 0.8127, 0.8125, 0.814, 0.8046, 0.8144, 0.8087, 0.8095, 0.7757, 0.7374, 0.8157, 0.8151, 0.8047, 0.8037, 0.8142, 0.8147, 0.7851, 0.802, 0.8096, 0.8162, 0.8061, 0.8169, 0.8113, 0.8086, 0.812, 0.8103], [0.8247, 0.8232, 0.8265, 0.804, 0.8229, 0.8236, 0.8256, 0.8241, 0.8187, 0.8161, 0.8256, 0.8257, 0.8191, 0.8122, 0.8173, 0.8128, 0.7955, 0.8217, 0.8231, 0.8215, 0.826, 0.8177, 0.815, 0.8016, 0.828, 0.8087, 0.8165], [0.897, 0.8857, 0.886, 0.8882, 0.8905, 0.8828, 0.889, 0.888, 0.8918, 0.8838, 0.8886, 0.8854, 0.8909, 0.8866, 0.8886, 0.887, 0.8914, 0.8875, 0.8868, 0.8852, 0.888, 0.889, 0.8889, 0.8911, 0.8903, 0.8907, 0.8877], [0.8165, 0.8153, 0.8174, 0.8175, 0.8108, 0.8164, 0.81, 0.8157, 0.8125, 0.8159, 0.8028, 0.8152, 0.8144, 0.8124, 0.8154, 0.7923, 0.8179, 0.8138, 0.8059, 0.8176, 0.8155, 0.816, 0.8131, 0.8068, 0.7453, 0.8156, 0.8064]]
Results: 	[[0.8371, 0.8393, 0.8411, 0.8288, 0.8378, 0.8233, 0.8375, 0.82, 0.8303, 0.8348, 0.8406, 0.8417, 0.8195, 0.8356, 0.823, 0.8383, 0.8267, 0.8351, 0.8364, 0.8222, 0.8393, 0.836, 0.8338, 0.823, 0.83, 0.8345, 0.8388, 0.8438], [0.7909, 0.7823, 0.7977, 0.787, 0.7858, 0.7847, 0.788, 0.7859, 0.7947, 0.7856, 0.781, 0.7896, 0.7794, 0.7913, 0.7843, 0.7848, 0.7908, 0.7893, 0.7781, 0.7762, 0.7897, 0.782, 0.7775, 0.7816, 0.7866, 0.7875, 0.7788, 0.7875], [0.7833, 0.816, 0.8127, 0.8125, 0.814, 0.8046, 0.8144, 0.8087, 0.8095, 0.7757, 0.7374, 0.8157, 0.8151, 0.8047, 0.8037, 0.8142, 0.8147, 0.7851, 0.802, 0.8096, 0.8162, 0.8061, 0.8169, 0.8113, 0.8086, 0.812, 0.8103, 0.8076], [0.8247, 0.8232, 0.8265, 0.804, 0.8229, 0.8236, 0.8256, 0.8241, 0.8187, 0.8161, 0.8256, 0.8257, 0.8191, 0.8122, 0.8173, 0.8128, 0.7955, 0.8217, 0.8231, 0.8215, 0.826, 0.8177, 0.815, 0.8016, 0.828, 0.8087, 0.8165, 0.8271], [0.897, 0.8857, 0.886, 0.8882, 0.8905, 0.8828, 0.889, 0.888, 0.8918, 0.8838, 0.8886, 0.8854, 0.8909, 0.8866, 0.8886, 0.887, 0.8914, 0.8875, 0.8868, 0.8852, 0.888, 0.889, 0.8889, 0.8911, 0.8903, 0.8907, 0.8877, 0.8889], [0.8165, 0.8153, 0.8174, 0.8175, 0.8108, 0.8164, 0.81, 0.8157, 0.8125, 0.8159, 0.8028, 0.8152, 0.8144, 0.8124, 0.8154, 0.7923, 0.8179, 0.8138, 0.8059, 0.8176, 0.8155, 0.816, 0.8131, 0.8068, 0.7453, 0.8156, 0.8064, 0.8117]]
Results: 	[[0.8371, 0.8393, 0.8411, 0.8288, 0.8378, 0.8233, 0.8375, 0.82, 0.8303, 0.8348, 0.8406, 0.8417, 0.8195, 0.8356, 0.823, 0.8383, 0.8267, 0.8351, 0.8364, 0.8222, 0.8393, 0.836, 0.8338, 0.823, 0.83, 0.8345, 0.8388, 0.8438, 0.833], [0.7909, 0.7823, 0.7977, 0.787, 0.7858, 0.7847, 0.788, 0.7859, 0.7947, 0.7856, 0.781, 0.7896, 0.7794, 0.7913, 0.7843, 0.7848, 0.7908, 0.7893, 0.7781, 0.7762, 0.7897, 0.782, 0.7775, 0.7816, 0.7866, 0.7875, 0.7788, 0.7875, 0.7832], [0.7833, 0.816, 0.8127, 0.8125, 0.814, 0.8046, 0.8144, 0.8087, 0.8095, 0.7757, 0.7374, 0.8157, 0.8151, 0.8047, 0.8037, 0.8142, 0.8147, 0.7851, 0.802, 0.8096, 0.8162, 0.8061, 0.8169, 0.8113, 0.8086, 0.812, 0.8103, 0.8076, 0.8038], [0.8247, 0.8232, 0.8265, 0.804, 0.8229, 0.8236, 0.8256, 0.8241, 0.8187, 0.8161, 0.8256, 0.8257, 0.8191, 0.8122, 0.8173, 0.8128, 0.7955, 0.8217, 0.8231, 0.8215, 0.826, 0.8177, 0.815, 0.8016, 0.828, 0.8087, 0.8165, 0.8271, 0.8231], [0.897, 0.8857, 0.886, 0.8882, 0.8905, 0.8828, 0.889, 0.888, 0.8918, 0.8838, 0.8886, 0.8854, 0.8909, 0.8866, 0.8886, 0.887, 0.8914, 0.8875, 0.8868, 0.8852, 0.888, 0.889, 0.8889, 0.8911, 0.8903, 0.8907, 0.8877, 0.8889, 0.89], [0.8165, 0.8153, 0.8174, 0.8175, 0.8108, 0.8164, 0.81, 0.8157, 0.8125, 0.8159, 0.8028, 0.8152, 0.8144, 0.8124, 0.8154, 0.7923, 0.8179, 0.8138, 0.8059, 0.8176, 0.8155, 0.816, 0.8131, 0.8068, 0.7453, 0.8156, 0.8064, 0.8117, 0.8171]]
Results: 	[[0.8371, 0.8393, 0.8411, 0.8288, 0.8378, 0.8233, 0.8375, 0.82, 0.8303, 0.8348, 0.8406, 0.8417, 0.8195, 0.8356, 0.823, 0.8383, 0.8267, 0.8351, 0.8364, 0.8222, 0.8393, 0.836, 0.8338, 0.823, 0.83, 0.8345, 0.8388, 0.8438, 0.833, 0.8019], [0.7909, 0.7823, 0.7977, 0.787, 0.7858, 0.7847, 0.788, 0.7859, 0.7947, 0.7856, 0.781, 0.7896, 0.7794, 0.7913, 0.7843, 0.7848, 0.7908, 0.7893, 0.7781, 0.7762, 0.7897, 0.782, 0.7775, 0.7816, 0.7866, 0.7875, 0.7788, 0.7875, 0.7832, 0.7865], [0.7833, 0.816, 0.8127, 0.8125, 0.814, 0.8046, 0.8144, 0.8087, 0.8095, 0.7757, 0.7374, 0.8157, 0.8151, 0.8047, 0.8037, 0.8142, 0.8147, 0.7851, 0.802, 0.8096, 0.8162, 0.8061, 0.8169, 0.8113, 0.8086, 0.812, 0.8103, 0.8076, 0.8038, 0.8045], [0.8247, 0.8232, 0.8265, 0.804, 0.8229, 0.8236, 0.8256, 0.8241, 0.8187, 0.8161, 0.8256, 0.8257, 0.8191, 0.8122, 0.8173, 0.8128, 0.7955, 0.8217, 0.8231, 0.8215, 0.826, 0.8177, 0.815, 0.8016, 0.828, 0.8087, 0.8165, 0.8271, 0.8231, 0.799], [0.897, 0.8857, 0.886, 0.8882, 0.8905, 0.8828, 0.889, 0.888, 0.8918, 0.8838, 0.8886, 0.8854, 0.8909, 0.8866, 0.8886, 0.887, 0.8914, 0.8875, 0.8868, 0.8852, 0.888, 0.889, 0.8889, 0.8911, 0.8903, 0.8907, 0.8877, 0.8889, 0.89, 0.8902], [0.8165, 0.8153, 0.8174, 0.8175, 0.8108, 0.8164, 0.81, 0.8157, 0.8125, 0.8159, 0.8028, 0.8152, 0.8144, 0.8124, 0.8154, 0.7923, 0.8179, 0.8138, 0.8059, 0.8176, 0.8155, 0.816, 0.8131, 0.8068, 0.7453, 0.8156, 0.8064, 0.8117, 0.8171, 0.8006]]

-----------------------------------------------------------------
Task                                            Acc         F1      AUROC  (mean±std)
-----------------------------------------------------------------
Renal and urinary disorders              0.7520±0.0263  0.7942±0.0349  0.8321±0.0088
Pregnancy, puerperium and perinatal conditions 0.6877±0.0682  0.2868±0.0249  0.7856±0.0050
Ear and labyrinth disorders              0.7253±0.0130  0.7074±0.0264  0.8050±0.0159
Cardiac disorders                        0.7374±0.0284  0.7951±0.0342  0.8182±0.0086
Nervous system disorders                 0.7832±0.0453  0.8678±0.0320  0.8885±0.0027
Injury, poisoning and procedural complications 0.7303±0.0229  0.7840±0.0298  0.8101±0.0134

OVERALL AVERAGE                          0.7360              0.7059              0.8233
-----------------------------------------------------------------
