
=================================================================
Variant : CNN + FP  |  5-shot
Dataset : sider  |  K_shot=5
Tasks   : ['Renal and urinary disorders', 'Pregnancy, puerperium and perinatal conditions', 'Ear and labyrinth disorders', 'Cardiac disorders', 'Nervous system disorders', 'Injury, poisoning and procedural complications']
=================================================================
Results: 	[[0.7848], [0.7793], [0.819], [0.84], [0.896], [0.8129]]
Results: 	[[0.7848, 0.8192], [0.7793, 0.7831], [0.819, 0.8212], [0.84, 0.8453], [0.896, 0.8998], [0.8129, 0.8163]]
Results: 	[[0.7848, 0.8192, 0.8246], [0.7793, 0.7831, 0.7871], [0.819, 0.8212, 0.8247], [0.84, 0.8453, 0.8317], [0.896, 0.8998, 0.8944], [0.8129, 0.8163, 0.7984]]
Results: 	[[0.7848, 0.8192, 0.8246, 0.8244], [0.7793, 0.7831, 0.7871, 0.7898], [0.819, 0.8212, 0.8247, 0.8178], [0.84, 0.8453, 0.8317, 0.8388], [0.896, 0.8998, 0.8944, 0.896], [0.8129, 0.8163, 0.7984, 0.8006]]
Results: 	[[0.7848, 0.8192, 0.8246, 0.8244, 0.8272], [0.7793, 0.7831, 0.7871, 0.7898, 0.7827], [0.819, 0.8212, 0.8247, 0.8178, 0.8177], [0.84, 0.8453, 0.8317, 0.8388, 0.8377], [0.896, 0.8998, 0.8944, 0.896, 0.9072], [0.8129, 0.8163, 0.7984, 0.8006, 0.7609]]
Results: 	[[0.7848, 0.8192, 0.8246, 0.8244, 0.8272, 0.8218], [0.7793, 0.7831, 0.7871, 0.7898, 0.7827, 0.7823], [0.819, 0.8212, 0.8247, 0.8178, 0.8177, 0.8266], [0.84, 0.8453, 0.8317, 0.8388, 0.8377, 0.8149], [0.896, 0.8998, 0.8944, 0.896, 0.9072, 0.9086], [0.8129, 0.8163, 0.7984, 0.8006, 0.7609, 0.786]]
Results: 	[[0.7848, 0.8192, 0.8246, 0.8244, 0.8272, 0.8218, 0.7433], [0.7793, 0.7831, 0.7871, 0.7898, 0.7827, 0.7823, 0.7496], [0.819, 0.8212, 0.8247, 0.8178, 0.8177, 0.8266, 0.8298], [0.84, 0.8453, 0.8317, 0.8388, 0.8377, 0.8149, 0.8405], [0.896, 0.8998, 0.8944, 0.896, 0.9072, 0.9086, 0.9003], [0.8129, 0.8163, 0.7984, 0.8006, 0.7609, 0.786, 0.808]]
Results: 	[[0.7848, 0.8192, 0.8246, 0.8244, 0.8272, 0.8218, 0.7433, 0.8259], [0.7793, 0.7831, 0.7871, 0.7898, 0.7827, 0.7823, 0.7496, 0.7825], [0.819, 0.8212, 0.8247, 0.8178, 0.8177, 0.8266, 0.8298, 0.8221], [0.84, 0.8453, 0.8317, 0.8388, 0.8377, 0.8149, 0.8405, 0.8389], [0.896, 0.8998, 0.8944, 0.896, 0.9072, 0.9086, 0.9003, 0.8973], [0.8129, 0.8163, 0.7984, 0.8006, 0.7609, 0.786, 0.808, 0.8139]]
Results: 	[[0.7848, 0.8192, 0.8246, 0.8244, 0.8272, 0.8218, 0.7433, 0.8259, 0.8213], [0.7793, 0.7831, 0.7871, 0.7898, 0.7827, 0.7823, 0.7496, 0.7825, 0.7847], [0.819, 0.8212, 0.8247, 0.8178, 0.8177, 0.8266, 0.8298, 0.8221, 0.8253], [0.84, 0.8453, 0.8317, 0.8388, 0.8377, 0.8149, 0.8405, 0.8389, 0.8418], [0.896, 0.8998, 0.8944, 0.896, 0.9072, 0.9086, 0.9003, 0.8973, 0.893], [0.8129, 0.8163, 0.7984, 0.8006, 0.7609, 0.786, 0.808, 0.8139, 0.8134]]
Results: 	[[0.7848, 0.8192, 0.8246, 0.8244, 0.8272, 0.8218, 0.7433, 0.8259, 0.8213, 0.8251], [0.7793, 0.7831, 0.7871, 0.7898, 0.7827, 0.7823, 0.7496, 0.7825, 0.7847, 0.7216], [0.819, 0.8212, 0.8247, 0.8178, 0.8177, 0.8266, 0.8298, 0.8221, 0.8253, 0.6059], [0.84, 0.8453, 0.8317, 0.8388, 0.8377, 0.8149, 0.8405, 0.8389, 0.8418, 0.8289], [0.896, 0.8998, 0.8944, 0.896, 0.9072, 0.9086, 0.9003, 0.8973, 0.893, 0.9036], [0.8129, 0.8163, 0.7984, 0.8006, 0.7609, 0.786, 0.808, 0.8139, 0.8134, 0.8124]]
Results: 	[[0.7848, 0.8192, 0.8246, 0.8244, 0.8272, 0.8218, 0.7433, 0.8259, 0.8213, 0.8251, 0.8244], [0.7793, 0.7831, 0.7871, 0.7898, 0.7827, 0.7823, 0.7496, 0.7825, 0.7847, 0.7216, 0.7748], [0.819, 0.8212, 0.8247, 0.8178, 0.8177, 0.8266, 0.8298, 0.8221, 0.8253, 0.6059, 0.7989], [0.84, 0.8453, 0.8317, 0.8388, 0.8377, 0.8149, 0.8405, 0.8389, 0.8418, 0.8289, 0.8337], [0.896, 0.8998, 0.8944, 0.896, 0.9072, 0.9086, 0.9003, 0.8973, 0.893, 0.9036, 0.9004], [0.8129, 0.8163, 0.7984, 0.8006, 0.7609, 0.786, 0.808, 0.8139, 0.8134, 0.8124, 0.7867]]
Results: 	[[0.7848, 0.8192, 0.8246, 0.8244, 0.8272, 0.8218, 0.7433, 0.8259, 0.8213, 0.8251, 0.8244, 0.8302], [0.7793, 0.7831, 0.7871, 0.7898, 0.7827, 0.7823, 0.7496, 0.7825, 0.7847, 0.7216, 0.7748, 0.5769], [0.819, 0.8212, 0.8247, 0.8178, 0.8177, 0.8266, 0.8298, 0.8221, 0.8253, 0.6059, 0.7989, 0.8293], [0.84, 0.8453, 0.8317, 0.8388, 0.8377, 0.8149, 0.8405, 0.8389, 0.8418, 0.8289, 0.8337, 0.8394], [0.896, 0.8998, 0.8944, 0.896, 0.9072, 0.9086, 0.9003, 0.8973, 0.893, 0.9036, 0.9004, 0.8964], [0.8129, 0.8163, 0.7984, 0.8006, 0.7609, 0.786, 0.808, 0.8139, 0.8134, 0.8124, 0.7867, 0.8149]]
Results: 	[[0.7848, 0.8192, 0.8246, 0.8244, 0.8272, 0.8218, 0.7433, 0.8259, 0.8213, 0.8251, 0.8244, 0.8302, 0.8294], [0.7793, 0.7831, 0.7871, 0.7898, 0.7827, 0.7823, 0.7496, 0.7825, 0.7847, 0.7216, 0.7748, 0.5769, 0.7913], [0.819, 0.8212, 0.8247, 0.8178, 0.8177, 0.8266, 0.8298, 0.8221, 0.8253, 0.6059, 0.7989, 0.8293, 0.825], [0.84, 0.8453, 0.8317, 0.8388, 0.8377, 0.8149, 0.8405, 0.8389, 0.8418, 0.8289, 0.8337, 0.8394, 0.8341], [0.896, 0.8998, 0.8944, 0.896, 0.9072, 0.9086, 0.9003, 0.8973, 0.893, 0.9036, 0.9004, 0.8964, 0.8969], [0.8129, 0.8163, 0.7984, 0.8006, 0.7609, 0.786, 0.808, 0.8139, 0.8134, 0.8124, 0.7867, 0.8149, 0.6667]]
Results: 	[[0.7848, 0.8192, 0.8246, 0.8244, 0.8272, 0.8218, 0.7433, 0.8259, 0.8213, 0.8251, 0.8244, 0.8302, 0.8294, 0.8312], [0.7793, 0.7831, 0.7871, 0.7898, 0.7827, 0.7823, 0.7496, 0.7825, 0.7847, 0.7216, 0.7748, 0.5769, 0.7913, 0.7845], [0.819, 0.8212, 0.8247, 0.8178, 0.8177, 0.8266, 0.8298, 0.8221, 0.8253, 0.6059, 0.7989, 0.8293, 0.825, 0.818], [0.84, 0.8453, 0.8317, 0.8388, 0.8377, 0.8149, 0.8405, 0.8389, 0.8418, 0.8289, 0.8337, 0.8394, 0.8341, 0.8429], [0.896, 0.8998, 0.8944, 0.896, 0.9072, 0.9086, 0.9003, 0.8973, 0.893, 0.9036, 0.9004, 0.8964, 0.8969, 0.9043], [0.8129, 0.8163, 0.7984, 0.8006, 0.7609, 0.786, 0.808, 0.8139, 0.8134, 0.8124, 0.7867, 0.8149, 0.6667, 0.809]]
Results: 	[[0.7848, 0.8192, 0.8246, 0.8244, 0.8272, 0.8218, 0.7433, 0.8259, 0.8213, 0.8251, 0.8244, 0.8302, 0.8294, 0.8312, 0.8256], [0.7793, 0.7831, 0.7871, 0.7898, 0.7827, 0.7823, 0.7496, 0.7825, 0.7847, 0.7216, 0.7748, 0.5769, 0.7913, 0.7845, 0.787], [0.819, 0.8212, 0.8247, 0.8178, 0.8177, 0.8266, 0.8298, 0.8221, 0.8253, 0.6059, 0.7989, 0.8293, 0.825, 0.818, 0.8282], [0.84, 0.8453, 0.8317, 0.8388, 0.8377, 0.8149, 0.8405, 0.8389, 0.8418, 0.8289, 0.8337, 0.8394, 0.8341, 0.8429, 0.8406], [0.896, 0.8998, 0.8944, 0.896, 0.9072, 0.9086, 0.9003, 0.8973, 0.893, 0.9036, 0.9004, 0.8964, 0.8969, 0.9043, 0.9016], [0.8129, 0.8163, 0.7984, 0.8006, 0.7609, 0.786, 0.808, 0.8139, 0.8134, 0.8124, 0.7867, 0.8149, 0.6667, 0.809, 0.8152]]
Results: 	[[0.7848, 0.8192, 0.8246, 0.8244, 0.8272, 0.8218, 0.7433, 0.8259, 0.8213, 0.8251, 0.8244, 0.8302, 0.8294, 0.8312, 0.8256, 0.8038], [0.7793, 0.7831, 0.7871, 0.7898, 0.7827, 0.7823, 0.7496, 0.7825, 0.7847, 0.7216, 0.7748, 0.5769, 0.7913, 0.7845, 0.787, 0.769], [0.819, 0.8212, 0.8247, 0.8178, 0.8177, 0.8266, 0.8298, 0.8221, 0.8253, 0.6059, 0.7989, 0.8293, 0.825, 0.818, 0.8282, 0.831], [0.84, 0.8453, 0.8317, 0.8388, 0.8377, 0.8149, 0.8405, 0.8389, 0.8418, 0.8289, 0.8337, 0.8394, 0.8341, 0.8429, 0.8406, 0.6111], [0.896, 0.8998, 0.8944, 0.896, 0.9072, 0.9086, 0.9003, 0.8973, 0.893, 0.9036, 0.9004, 0.8964, 0.8969, 0.9043, 0.9016, 0.8979], [0.8129, 0.8163, 0.7984, 0.8006, 0.7609, 0.786, 0.808, 0.8139, 0.8134, 0.8124, 0.7867, 0.8149, 0.6667, 0.809, 0.8152, 0.814]]
Results: 	[[0.7848, 0.8192, 0.8246, 0.8244, 0.8272, 0.8218, 0.7433, 0.8259, 0.8213, 0.8251, 0.8244, 0.8302, 0.8294, 0.8312, 0.8256, 0.8038, 0.8236], [0.7793, 0.7831, 0.7871, 0.7898, 0.7827, 0.7823, 0.7496, 0.7825, 0.7847, 0.7216, 0.7748, 0.5769, 0.7913, 0.7845, 0.787, 0.769, 0.6206], [0.819, 0.8212, 0.8247, 0.8178, 0.8177, 0.8266, 0.8298, 0.8221, 0.8253, 0.6059, 0.7989, 0.8293, 0.825, 0.818, 0.8282, 0.831, 0.8312], [0.84, 0.8453, 0.8317, 0.8388, 0.8377, 0.8149, 0.8405, 0.8389, 0.8418, 0.8289, 0.8337, 0.8394, 0.8341, 0.8429, 0.8406, 0.6111, 0.6241], [0.896, 0.8998, 0.8944, 0.896, 0.9072, 0.9086, 0.9003, 0.8973, 0.893, 0.9036, 0.9004, 0.8964, 0.8969, 0.9043, 0.9016, 0.8979, 0.899], [0.8129, 0.8163, 0.7984, 0.8006, 0.7609, 0.786, 0.808, 0.8139, 0.8134, 0.8124, 0.7867, 0.8149, 0.6667, 0.809, 0.8152, 0.814, 0.8121]]
Results: 	[[0.7848, 0.8192, 0.8246, 0.8244, 0.8272, 0.8218, 0.7433, 0.8259, 0.8213, 0.8251, 0.8244, 0.8302, 0.8294, 0.8312, 0.8256, 0.8038, 0.8236, 0.8179], [0.7793, 0.7831, 0.7871, 0.7898, 0.7827, 0.7823, 0.7496, 0.7825, 0.7847, 0.7216, 0.7748, 0.5769, 0.7913, 0.7845, 0.787, 0.769, 0.6206, 0.2447], [0.819, 0.8212, 0.8247, 0.8178, 0.8177, 0.8266, 0.8298, 0.8221, 0.8253, 0.6059, 0.7989, 0.8293, 0.825, 0.818, 0.8282, 0.831, 0.8312, 0.8234], [0.84, 0.8453, 0.8317, 0.8388, 0.8377, 0.8149, 0.8405, 0.8389, 0.8418, 0.8289, 0.8337, 0.8394, 0.8341, 0.8429, 0.8406, 0.6111, 0.6241, 0.8545], [0.896, 0.8998, 0.8944, 0.896, 0.9072, 0.9086, 0.9003, 0.8973, 0.893, 0.9036, 0.9004, 0.8964, 0.8969, 0.9043, 0.9016, 0.8979, 0.899, 0.8999], [0.8129, 0.8163, 0.7984, 0.8006, 0.7609, 0.786, 0.808, 0.8139, 0.8134, 0.8124, 0.7867, 0.8149, 0.6667, 0.809, 0.8152, 0.814, 0.8121, 0.8161]]
Results: 	[[0.7848, 0.8192, 0.8246, 0.8244, 0.8272, 0.8218, 0.7433, 0.8259, 0.8213, 0.8251, 0.8244, 0.8302, 0.8294, 0.8312, 0.8256, 0.8038, 0.8236, 0.8179, 0.8253], [0.7793, 0.7831, 0.7871, 0.7898, 0.7827, 0.7823, 0.7496, 0.7825, 0.7847, 0.7216, 0.7748, 0.5769, 0.7913, 0.7845, 0.787, 0.769, 0.6206, 0.2447, 0.7815], [0.819, 0.8212, 0.8247, 0.8178, 0.8177, 0.8266, 0.8298, 0.8221, 0.8253, 0.6059, 0.7989, 0.8293, 0.825, 0.818, 0.8282, 0.831, 0.8312, 0.8234, 0.828], [0.84, 0.8453, 0.8317, 0.8388, 0.8377, 0.8149, 0.8405, 0.8389, 0.8418, 0.8289, 0.8337, 0.8394, 0.8341, 0.8429, 0.8406, 0.6111, 0.6241, 0.8545, 0.8314], [0.896, 0.8998, 0.8944, 0.896, 0.9072, 0.9086, 0.9003, 0.8973, 0.893, 0.9036, 0.9004, 0.8964, 0.8969, 0.9043, 0.9016, 0.8979, 0.899, 0.8999, 0.9015], [0.8129, 0.8163, 0.7984, 0.8006, 0.7609, 0.786, 0.808, 0.8139, 0.8134, 0.8124, 0.7867, 0.8149, 0.6667, 0.809, 0.8152, 0.814, 0.8121, 0.8161, 0.8094]]
Results: 	[[0.7848, 0.8192, 0.8246, 0.8244, 0.8272, 0.8218, 0.7433, 0.8259, 0.8213, 0.8251, 0.8244, 0.8302, 0.8294, 0.8312, 0.8256, 0.8038, 0.8236, 0.8179, 0.8253, 0.8266], [0.7793, 0.7831, 0.7871, 0.7898, 0.7827, 0.7823, 0.7496, 0.7825, 0.7847, 0.7216, 0.7748, 0.5769, 0.7913, 0.7845, 0.787, 0.769, 0.6206, 0.2447, 0.7815, 0.7821], [0.819, 0.8212, 0.8247, 0.8178, 0.8177, 0.8266, 0.8298, 0.8221, 0.8253, 0.6059, 0.7989, 0.8293, 0.825, 0.818, 0.8282, 0.831, 0.8312, 0.8234, 0.828, 0.8176], [0.84, 0.8453, 0.8317, 0.8388, 0.8377, 0.8149, 0.8405, 0.8389, 0.8418, 0.8289, 0.8337, 0.8394, 0.8341, 0.8429, 0.8406, 0.6111, 0.6241, 0.8545, 0.8314, 0.8471], [0.896, 0.8998, 0.8944, 0.896, 0.9072, 0.9086, 0.9003, 0.8973, 0.893, 0.9036, 0.9004, 0.8964, 0.8969, 0.9043, 0.9016, 0.8979, 0.899, 0.8999, 0.9015, 0.9022], [0.8129, 0.8163, 0.7984, 0.8006, 0.7609, 0.786, 0.808, 0.8139, 0.8134, 0.8124, 0.7867, 0.8149, 0.6667, 0.809, 0.8152, 0.814, 0.8121, 0.8161, 0.8094, 0.7837]]
Results: 	[[0.7848, 0.8192, 0.8246, 0.8244, 0.8272, 0.8218, 0.7433, 0.8259, 0.8213, 0.8251, 0.8244, 0.8302, 0.8294, 0.8312, 0.8256, 0.8038, 0.8236, 0.8179, 0.8253, 0.8266, 0.828], [0.7793, 0.7831, 0.7871, 0.7898, 0.7827, 0.7823, 0.7496, 0.7825, 0.7847, 0.7216, 0.7748, 0.5769, 0.7913, 0.7845, 0.787, 0.769, 0.6206, 0.2447, 0.7815, 0.7821, 0.7862], [0.819, 0.8212, 0.8247, 0.8178, 0.8177, 0.8266, 0.8298, 0.8221, 0.8253, 0.6059, 0.7989, 0.8293, 0.825, 0.818, 0.8282, 0.831, 0.8312, 0.8234, 0.828, 0.8176, 0.821], [0.84, 0.8453, 0.8317, 0.8388, 0.8377, 0.8149, 0.8405, 0.8389, 0.8418, 0.8289, 0.8337, 0.8394, 0.8341, 0.8429, 0.8406, 0.6111, 0.6241, 0.8545, 0.8314, 0.8471, 0.8413], [0.896, 0.8998, 0.8944, 0.896, 0.9072, 0.9086, 0.9003, 0.8973, 0.893, 0.9036, 0.9004, 0.8964, 0.8969, 0.9043, 0.9016, 0.8979, 0.899, 0.8999, 0.9015, 0.9022, 0.9032], [0.8129, 0.8163, 0.7984, 0.8006, 0.7609, 0.786, 0.808, 0.8139, 0.8134, 0.8124, 0.7867, 0.8149, 0.6667, 0.809, 0.8152, 0.814, 0.8121, 0.8161, 0.8094, 0.7837, 0.7975]]
Results: 	[[0.7848, 0.8192, 0.8246, 0.8244, 0.8272, 0.8218, 0.7433, 0.8259, 0.8213, 0.8251, 0.8244, 0.8302, 0.8294, 0.8312, 0.8256, 0.8038, 0.8236, 0.8179, 0.8253, 0.8266, 0.828, 0.8215], [0.7793, 0.7831, 0.7871, 0.7898, 0.7827, 0.7823, 0.7496, 0.7825, 0.7847, 0.7216, 0.7748, 0.5769, 0.7913, 0.7845, 0.787, 0.769, 0.6206, 0.2447, 0.7815, 0.7821, 0.7862, 0.7533], [0.819, 0.8212, 0.8247, 0.8178, 0.8177, 0.8266, 0.8298, 0.8221, 0.8253, 0.6059, 0.7989, 0.8293, 0.825, 0.818, 0.8282, 0.831, 0.8312, 0.8234, 0.828, 0.8176, 0.821, 0.828], [0.84, 0.8453, 0.8317, 0.8388, 0.8377, 0.8149, 0.8405, 0.8389, 0.8418, 0.8289, 0.8337, 0.8394, 0.8341, 0.8429, 0.8406, 0.6111, 0.6241, 0.8545, 0.8314, 0.8471, 0.8413, 0.8405], [0.896, 0.8998, 0.8944, 0.896, 0.9072, 0.9086, 0.9003, 0.8973, 0.893, 0.9036, 0.9004, 0.8964, 0.8969, 0.9043, 0.9016, 0.8979, 0.899, 0.8999, 0.9015, 0.9022, 0.9032, 0.8976], [0.8129, 0.8163, 0.7984, 0.8006, 0.7609, 0.786, 0.808, 0.8139, 0.8134, 0.8124, 0.7867, 0.8149, 0.6667, 0.809, 0.8152, 0.814, 0.8121, 0.8161, 0.8094, 0.7837, 0.7975, 0.8135]]
Results: 	[[0.7848, 0.8192, 0.8246, 0.8244, 0.8272, 0.8218, 0.7433, 0.8259, 0.8213, 0.8251, 0.8244, 0.8302, 0.8294, 0.8312, 0.8256, 0.8038, 0.8236, 0.8179, 0.8253, 0.8266, 0.828, 0.8215, 0.8177], [0.7793, 0.7831, 0.7871, 0.7898, 0.7827, 0.7823, 0.7496, 0.7825, 0.7847, 0.7216, 0.7748, 0.5769, 0.7913, 0.7845, 0.787, 0.769, 0.6206, 0.2447, 0.7815, 0.7821, 0.7862, 0.7533, 0.7774], [0.819, 0.8212, 0.8247, 0.8178, 0.8177, 0.8266, 0.8298, 0.8221, 0.8253, 0.6059, 0.7989, 0.8293, 0.825, 0.818, 0.8282, 0.831, 0.8312, 0.8234, 0.828, 0.8176, 0.821, 0.828, 0.8274], [0.84, 0.8453, 0.8317, 0.8388, 0.8377, 0.8149, 0.8405, 0.8389, 0.8418, 0.8289, 0.8337, 0.8394, 0.8341, 0.8429, 0.8406, 0.6111, 0.6241, 0.8545, 0.8314, 0.8471, 0.8413, 0.8405, 0.845], [0.896, 0.8998, 0.8944, 0.896, 0.9072, 0.9086, 0.9003, 0.8973, 0.893, 0.9036, 0.9004, 0.8964, 0.8969, 0.9043, 0.9016, 0.8979, 0.899, 0.8999, 0.9015, 0.9022, 0.9032, 0.8976, 0.8939], [0.8129, 0.8163, 0.7984, 0.8006, 0.7609, 0.786, 0.808, 0.8139, 0.8134, 0.8124, 0.7867, 0.8149, 0.6667, 0.809, 0.8152, 0.814, 0.8121, 0.8161, 0.8094, 0.7837, 0.7975, 0.8135, 0.8155]]
Results: 	[[0.7848, 0.8192, 0.8246, 0.8244, 0.8272, 0.8218, 0.7433, 0.8259, 0.8213, 0.8251, 0.8244, 0.8302, 0.8294, 0.8312, 0.8256, 0.8038, 0.8236, 0.8179, 0.8253, 0.8266, 0.828, 0.8215, 0.8177, 0.7252], [0.7793, 0.7831, 0.7871, 0.7898, 0.7827, 0.7823, 0.7496, 0.7825, 0.7847, 0.7216, 0.7748, 0.5769, 0.7913, 0.7845, 0.787, 0.769, 0.6206, 0.2447, 0.7815, 0.7821, 0.7862, 0.7533, 0.7774, 0.7826], [0.819, 0.8212, 0.8247, 0.8178, 0.8177, 0.8266, 0.8298, 0.8221, 0.8253, 0.6059, 0.7989, 0.8293, 0.825, 0.818, 0.8282, 0.831, 0.8312, 0.8234, 0.828, 0.8176, 0.821, 0.828, 0.8274, 0.827], [0.84, 0.8453, 0.8317, 0.8388, 0.8377, 0.8149, 0.8405, 0.8389, 0.8418, 0.8289, 0.8337, 0.8394, 0.8341, 0.8429, 0.8406, 0.6111, 0.6241, 0.8545, 0.8314, 0.8471, 0.8413, 0.8405, 0.845, 0.6947], [0.896, 0.8998, 0.8944, 0.896, 0.9072, 0.9086, 0.9003, 0.8973, 0.893, 0.9036, 0.9004, 0.8964, 0.8969, 0.9043, 0.9016, 0.8979, 0.899, 0.8999, 0.9015, 0.9022, 0.9032, 0.8976, 0.8939, 0.8986], [0.8129, 0.8163, 0.7984, 0.8006, 0.7609, 0.786, 0.808, 0.8139, 0.8134, 0.8124, 0.7867, 0.8149, 0.6667, 0.809, 0.8152, 0.814, 0.8121, 0.8161, 0.8094, 0.7837, 0.7975, 0.8135, 0.8155, 0.8139]]
Results: 	[[0.7848, 0.8192, 0.8246, 0.8244, 0.8272, 0.8218, 0.7433, 0.8259, 0.8213, 0.8251, 0.8244, 0.8302, 0.8294, 0.8312, 0.8256, 0.8038, 0.8236, 0.8179, 0.8253, 0.8266, 0.828, 0.8215, 0.8177, 0.7252, 0.8285], [0.7793, 0.7831, 0.7871, 0.7898, 0.7827, 0.7823, 0.7496, 0.7825, 0.7847, 0.7216, 0.7748, 0.5769, 0.7913, 0.7845, 0.787, 0.769, 0.6206, 0.2447, 0.7815, 0.7821, 0.7862, 0.7533, 0.7774, 0.7826, 0.7891], [0.819, 0.8212, 0.8247, 0.8178, 0.8177, 0.8266, 0.8298, 0.8221, 0.8253, 0.6059, 0.7989, 0.8293, 0.825, 0.818, 0.8282, 0.831, 0.8312, 0.8234, 0.828, 0.8176, 0.821, 0.828, 0.8274, 0.827, 0.8243], [0.84, 0.8453, 0.8317, 0.8388, 0.8377, 0.8149, 0.8405, 0.8389, 0.8418, 0.8289, 0.8337, 0.8394, 0.8341, 0.8429, 0.8406, 0.6111, 0.6241, 0.8545, 0.8314, 0.8471, 0.8413, 0.8405, 0.845, 0.6947, 0.8381], [0.896, 0.8998, 0.8944, 0.896, 0.9072, 0.9086, 0.9003, 0.8973, 0.893, 0.9036, 0.9004, 0.8964, 0.8969, 0.9043, 0.9016, 0.8979, 0.899, 0.8999, 0.9015, 0.9022, 0.9032, 0.8976, 0.8939, 0.8986, 0.8837], [0.8129, 0.8163, 0.7984, 0.8006, 0.7609, 0.786, 0.808, 0.8139, 0.8134, 0.8124, 0.7867, 0.8149, 0.6667, 0.809, 0.8152, 0.814, 0.8121, 0.8161, 0.8094, 0.7837, 0.7975, 0.8135, 0.8155, 0.8139, 0.7973]]
Results: 	[[0.7848, 0.8192, 0.8246, 0.8244, 0.8272, 0.8218, 0.7433, 0.8259, 0.8213, 0.8251, 0.8244, 0.8302, 0.8294, 0.8312, 0.8256, 0.8038, 0.8236, 0.8179, 0.8253, 0.8266, 0.828, 0.8215, 0.8177, 0.7252, 0.8285, 0.8135], [0.7793, 0.7831, 0.7871, 0.7898, 0.7827, 0.7823, 0.7496, 0.7825, 0.7847, 0.7216, 0.7748, 0.5769, 0.7913, 0.7845, 0.787, 0.769, 0.6206, 0.2447, 0.7815, 0.7821, 0.7862, 0.7533, 0.7774, 0.7826, 0.7891, 0.7825], [0.819, 0.8212, 0.8247, 0.8178, 0.8177, 0.8266, 0.8298, 0.8221, 0.8253, 0.6059, 0.7989, 0.8293, 0.825, 0.818, 0.8282, 0.831, 0.8312, 0.8234, 0.828, 0.8176, 0.821, 0.828, 0.8274, 0.827, 0.8243, 0.8227], [0.84, 0.8453, 0.8317, 0.8388, 0.8377, 0.8149, 0.8405, 0.8389, 0.8418, 0.8289, 0.8337, 0.8394, 0.8341, 0.8429, 0.8406, 0.6111, 0.6241, 0.8545, 0.8314, 0.8471, 0.8413, 0.8405, 0.845, 0.6947, 0.8381, 0.8434], [0.896, 0.8998, 0.8944, 0.896, 0.9072, 0.9086, 0.9003, 0.8973, 0.893, 0.9036, 0.9004, 0.8964, 0.8969, 0.9043, 0.9016, 0.8979, 0.899, 0.8999, 0.9015, 0.9022, 0.9032, 0.8976, 0.8939, 0.8986, 0.8837, 0.9048], [0.8129, 0.8163, 0.7984, 0.8006, 0.7609, 0.786, 0.808, 0.8139, 0.8134, 0.8124, 0.7867, 0.8149, 0.6667, 0.809, 0.8152, 0.814, 0.8121, 0.8161, 0.8094, 0.7837, 0.7975, 0.8135, 0.8155, 0.8139, 0.7973, 0.8145]]
Results: 	[[0.7848, 0.8192, 0.8246, 0.8244, 0.8272, 0.8218, 0.7433, 0.8259, 0.8213, 0.8251, 0.8244, 0.8302, 0.8294, 0.8312, 0.8256, 0.8038, 0.8236, 0.8179, 0.8253, 0.8266, 0.828, 0.8215, 0.8177, 0.7252, 0.8285, 0.8135, 0.828], [0.7793, 0.7831, 0.7871, 0.7898, 0.7827, 0.7823, 0.7496, 0.7825, 0.7847, 0.7216, 0.7748, 0.5769, 0.7913, 0.7845, 0.787, 0.769, 0.6206, 0.2447, 0.7815, 0.7821, 0.7862, 0.7533, 0.7774, 0.7826, 0.7891, 0.7825, 0.7701], [0.819, 0.8212, 0.8247, 0.8178, 0.8177, 0.8266, 0.8298, 0.8221, 0.8253, 0.6059, 0.7989, 0.8293, 0.825, 0.818, 0.8282, 0.831, 0.8312, 0.8234, 0.828, 0.8176, 0.821, 0.828, 0.8274, 0.827, 0.8243, 0.8227, 0.8277], [0.84, 0.8453, 0.8317, 0.8388, 0.8377, 0.8149, 0.8405, 0.8389, 0.8418, 0.8289, 0.8337, 0.8394, 0.8341, 0.8429, 0.8406, 0.6111, 0.6241, 0.8545, 0.8314, 0.8471, 0.8413, 0.8405, 0.845, 0.6947, 0.8381, 0.8434, 0.8398], [0.896, 0.8998, 0.8944, 0.896, 0.9072, 0.9086, 0.9003, 0.8973, 0.893, 0.9036, 0.9004, 0.8964, 0.8969, 0.9043, 0.9016, 0.8979, 0.899, 0.8999, 0.9015, 0.9022, 0.9032, 0.8976, 0.8939, 0.8986, 0.8837, 0.9048, 0.9014], [0.8129, 0.8163, 0.7984, 0.8006, 0.7609, 0.786, 0.808, 0.8139, 0.8134, 0.8124, 0.7867, 0.8149, 0.6667, 0.809, 0.8152, 0.814, 0.8121, 0.8161, 0.8094, 0.7837, 0.7975, 0.8135, 0.8155, 0.8139, 0.7973, 0.8145, 0.8135]]
Results: 	[[0.7848, 0.8192, 0.8246, 0.8244, 0.8272, 0.8218, 0.7433, 0.8259, 0.8213, 0.8251, 0.8244, 0.8302, 0.8294, 0.8312, 0.8256, 0.8038, 0.8236, 0.8179, 0.8253, 0.8266, 0.828, 0.8215, 0.8177, 0.7252, 0.8285, 0.8135, 0.828, 0.8252], [0.7793, 0.7831, 0.7871, 0.7898, 0.7827, 0.7823, 0.7496, 0.7825, 0.7847, 0.7216, 0.7748, 0.5769, 0.7913, 0.7845, 0.787, 0.769, 0.6206, 0.2447, 0.7815, 0.7821, 0.7862, 0.7533, 0.7774, 0.7826, 0.7891, 0.7825, 0.7701, 0.7869], [0.819, 0.8212, 0.8247, 0.8178, 0.8177, 0.8266, 0.8298, 0.8221, 0.8253, 0.6059, 0.7989, 0.8293, 0.825, 0.818, 0.8282, 0.831, 0.8312, 0.8234, 0.828, 0.8176, 0.821, 0.828, 0.8274, 0.827, 0.8243, 0.8227, 0.8277, 0.7645], [0.84, 0.8453, 0.8317, 0.8388, 0.8377, 0.8149, 0.8405, 0.8389, 0.8418, 0.8289, 0.8337, 0.8394, 0.8341, 0.8429, 0.8406, 0.6111, 0.6241, 0.8545, 0.8314, 0.8471, 0.8413, 0.8405, 0.845, 0.6947, 0.8381, 0.8434, 0.8398, 0.8346], [0.896, 0.8998, 0.8944, 0.896, 0.9072, 0.9086, 0.9003, 0.8973, 0.893, 0.9036, 0.9004, 0.8964, 0.8969, 0.9043, 0.9016, 0.8979, 0.899, 0.8999, 0.9015, 0.9022, 0.9032, 0.8976, 0.8939, 0.8986, 0.8837, 0.9048, 0.9014, 0.896], [0.8129, 0.8163, 0.7984, 0.8006, 0.7609, 0.786, 0.808, 0.8139, 0.8134, 0.8124, 0.7867, 0.8149, 0.6667, 0.809, 0.8152, 0.814, 0.8121, 0.8161, 0.8094, 0.7837, 0.7975, 0.8135, 0.8155, 0.8139, 0.7973, 0.8145, 0.8135, 0.809]]
Results: 	[[0.7848, 0.8192, 0.8246, 0.8244, 0.8272, 0.8218, 0.7433, 0.8259, 0.8213, 0.8251, 0.8244, 0.8302, 0.8294, 0.8312, 0.8256, 0.8038, 0.8236, 0.8179, 0.8253, 0.8266, 0.828, 0.8215, 0.8177, 0.7252, 0.8285, 0.8135, 0.828, 0.8252, 0.8272], [0.7793, 0.7831, 0.7871, 0.7898, 0.7827, 0.7823, 0.7496, 0.7825, 0.7847, 0.7216, 0.7748, 0.5769, 0.7913, 0.7845, 0.787, 0.769, 0.6206, 0.2447, 0.7815, 0.7821, 0.7862, 0.7533, 0.7774, 0.7826, 0.7891, 0.7825, 0.7701, 0.7869, 0.7827], [0.819, 0.8212, 0.8247, 0.8178, 0.8177, 0.8266, 0.8298, 0.8221, 0.8253, 0.6059, 0.7989, 0.8293, 0.825, 0.818, 0.8282, 0.831, 0.8312, 0.8234, 0.828, 0.8176, 0.821, 0.828, 0.8274, 0.827, 0.8243, 0.8227, 0.8277, 0.7645, 0.8256], [0.84, 0.8453, 0.8317, 0.8388, 0.8377, 0.8149, 0.8405, 0.8389, 0.8418, 0.8289, 0.8337, 0.8394, 0.8341, 0.8429, 0.8406, 0.6111, 0.6241, 0.8545, 0.8314, 0.8471, 0.8413, 0.8405, 0.845, 0.6947, 0.8381, 0.8434, 0.8398, 0.8346, 0.3767], [0.896, 0.8998, 0.8944, 0.896, 0.9072, 0.9086, 0.9003, 0.8973, 0.893, 0.9036, 0.9004, 0.8964, 0.8969, 0.9043, 0.9016, 0.8979, 0.899, 0.8999, 0.9015, 0.9022, 0.9032, 0.8976, 0.8939, 0.8986, 0.8837, 0.9048, 0.9014, 0.896, 0.9071], [0.8129, 0.8163, 0.7984, 0.8006, 0.7609, 0.786, 0.808, 0.8139, 0.8134, 0.8124, 0.7867, 0.8149, 0.6667, 0.809, 0.8152, 0.814, 0.8121, 0.8161, 0.8094, 0.7837, 0.7975, 0.8135, 0.8155, 0.8139, 0.7973, 0.8145, 0.8135, 0.809, 0.8146]]
Results: 	[[0.7848, 0.8192, 0.8246, 0.8244, 0.8272, 0.8218, 0.7433, 0.8259, 0.8213, 0.8251, 0.8244, 0.8302, 0.8294, 0.8312, 0.8256, 0.8038, 0.8236, 0.8179, 0.8253, 0.8266, 0.828, 0.8215, 0.8177, 0.7252, 0.8285, 0.8135, 0.828, 0.8252, 0.8272, 0.8196], [0.7793, 0.7831, 0.7871, 0.7898, 0.7827, 0.7823, 0.7496, 0.7825, 0.7847, 0.7216, 0.7748, 0.5769, 0.7913, 0.7845, 0.787, 0.769, 0.6206, 0.2447, 0.7815, 0.7821, 0.7862, 0.7533, 0.7774, 0.7826, 0.7891, 0.7825, 0.7701, 0.7869, 0.7827, 0.4114], [0.819, 0.8212, 0.8247, 0.8178, 0.8177, 0.8266, 0.8298, 0.8221, 0.8253, 0.6059, 0.7989, 0.8293, 0.825, 0.818, 0.8282, 0.831, 0.8312, 0.8234, 0.828, 0.8176, 0.821, 0.828, 0.8274, 0.827, 0.8243, 0.8227, 0.8277, 0.7645, 0.8256, 0.8302], [0.84, 0.8453, 0.8317, 0.8388, 0.8377, 0.8149, 0.8405, 0.8389, 0.8418, 0.8289, 0.8337, 0.8394, 0.8341, 0.8429, 0.8406, 0.6111, 0.6241, 0.8545, 0.8314, 0.8471, 0.8413, 0.8405, 0.845, 0.6947, 0.8381, 0.8434, 0.8398, 0.8346, 0.3767, 0.8459], [0.896, 0.8998, 0.8944, 0.896, 0.9072, 0.9086, 0.9003, 0.8973, 0.893, 0.9036, 0.9004, 0.8964, 0.8969, 0.9043, 0.9016, 0.8979, 0.899, 0.8999, 0.9015, 0.9022, 0.9032, 0.8976, 0.8939, 0.8986, 0.8837, 0.9048, 0.9014, 0.896, 0.9071, 0.8864], [0.8129, 0.8163, 0.7984, 0.8006, 0.7609, 0.786, 0.808, 0.8139, 0.8134, 0.8124, 0.7867, 0.8149, 0.6667, 0.809, 0.8152, 0.814, 0.8121, 0.8161, 0.8094, 0.7837, 0.7975, 0.8135, 0.8155, 0.8139, 0.7973, 0.8145, 0.8135, 0.809, 0.8146, 0.8042]]

-----------------------------------------------------------------
Task                                            Acc         F1      AUROC  (mean±std)
-----------------------------------------------------------------
Renal and urinary disorders              0.7221±0.0466  0.7568±0.0664  0.8163±0.0237
Pregnancy, puerperium and perinatal conditions 0.6875±0.1247  0.2682±0.0648  0.7359±0.1206
Ear and labyrinth disorders              0.7312±0.0362  0.6991±0.0953  0.8146±0.0407
Cardiac disorders                        0.6982±0.0798  0.7498±0.0795  0.8039±0.0995
Nervous system disorders                 0.7613±0.0603  0.8506±0.0441  0.8990±0.0054
Injury, poisoning and procedural complications 0.7069±0.0453  0.7522±0.0603  0.8015±0.0280

OVERALL AVERAGE                          0.7179              0.6794              0.8119
-----------------------------------------------------------------
