
============================================================
Tasks: ['Renal and urinary disorders', 'Pregnancy, puerperium and perinatal conditions', 'Ear and labyrinth disorders', 'Cardiac disorders', 'Nervous system disorders', 'Injury, poisoning and procedural complications']
K_shot=10, episodes=30
============================================================
Results: 	[[0.8312], [0.7363], [0.8111], [0.8595], [0.8769], [0.8199]]
Results: 	[[0.8312, 0.8335], [0.7363, 0.7111], [0.8111, 0.8045], [0.8595, 0.8532], [0.8769, 0.8886], [0.8199, 0.7948]]
Results: 	[[0.8312, 0.8335, 0.8009], [0.7363, 0.7111, 0.7678], [0.8111, 0.8045, 0.7769], [0.8595, 0.8532, 0.8126], [0.8769, 0.8886, 0.8931], [0.8199, 0.7948, 0.8058]]
Results: 	[[0.8312, 0.8335, 0.8009, 0.8307], [0.7363, 0.7111, 0.7678, 0.7429], [0.8111, 0.8045, 0.7769, 0.7908], [0.8595, 0.8532, 0.8126, 0.7991], [0.8769, 0.8886, 0.8931, 0.902], [0.8199, 0.7948, 0.8058, 0.8123]]
Results: 	[[0.8312, 0.8335, 0.8009, 0.8307, 0.8422], [0.7363, 0.7111, 0.7678, 0.7429, 0.7809], [0.8111, 0.8045, 0.7769, 0.7908, 0.8308], [0.8595, 0.8532, 0.8126, 0.7991, 0.8049], [0.8769, 0.8886, 0.8931, 0.902, 0.8825], [0.8199, 0.7948, 0.8058, 0.8123, 0.7754]]
Results: 	[[0.8312, 0.8335, 0.8009, 0.8307, 0.8422, 0.8385], [0.7363, 0.7111, 0.7678, 0.7429, 0.7809, 0.8045], [0.8111, 0.8045, 0.7769, 0.7908, 0.8308, 0.8236], [0.8595, 0.8532, 0.8126, 0.7991, 0.8049, 0.8635], [0.8769, 0.8886, 0.8931, 0.902, 0.8825, 0.9076], [0.8199, 0.7948, 0.8058, 0.8123, 0.7754, 0.8003]]
Results: 	[[0.8312, 0.8335, 0.8009, 0.8307, 0.8422, 0.8385, 0.8262], [0.7363, 0.7111, 0.7678, 0.7429, 0.7809, 0.8045, 0.7839], [0.8111, 0.8045, 0.7769, 0.7908, 0.8308, 0.8236, 0.8138], [0.8595, 0.8532, 0.8126, 0.7991, 0.8049, 0.8635, 0.7827], [0.8769, 0.8886, 0.8931, 0.902, 0.8825, 0.9076, 0.8829], [0.8199, 0.7948, 0.8058, 0.8123, 0.7754, 0.8003, 0.8106]]
Results: 	[[0.8312, 0.8335, 0.8009, 0.8307, 0.8422, 0.8385, 0.8262, 0.8206], [0.7363, 0.7111, 0.7678, 0.7429, 0.7809, 0.8045, 0.7839, 0.7762], [0.8111, 0.8045, 0.7769, 0.7908, 0.8308, 0.8236, 0.8138, 0.761], [0.8595, 0.8532, 0.8126, 0.7991, 0.8049, 0.8635, 0.7827, 0.8544], [0.8769, 0.8886, 0.8931, 0.902, 0.8825, 0.9076, 0.8829, 0.8751], [0.8199, 0.7948, 0.8058, 0.8123, 0.7754, 0.8003, 0.8106, 0.8125]]
Results: 	[[0.8312, 0.8335, 0.8009, 0.8307, 0.8422, 0.8385, 0.8262, 0.8206, 0.8227], [0.7363, 0.7111, 0.7678, 0.7429, 0.7809, 0.8045, 0.7839, 0.7762, 0.7699], [0.8111, 0.8045, 0.7769, 0.7908, 0.8308, 0.8236, 0.8138, 0.761, 0.7516], [0.8595, 0.8532, 0.8126, 0.7991, 0.8049, 0.8635, 0.7827, 0.8544, 0.85], [0.8769, 0.8886, 0.8931, 0.902, 0.8825, 0.9076, 0.8829, 0.8751, 0.8648], [0.8199, 0.7948, 0.8058, 0.8123, 0.7754, 0.8003, 0.8106, 0.8125, 0.8127]]
Results: 	[[0.8312, 0.8335, 0.8009, 0.8307, 0.8422, 0.8385, 0.8262, 0.8206, 0.8227, 0.8491], [0.7363, 0.7111, 0.7678, 0.7429, 0.7809, 0.8045, 0.7839, 0.7762, 0.7699, 0.7458], [0.8111, 0.8045, 0.7769, 0.7908, 0.8308, 0.8236, 0.8138, 0.761, 0.7516, 0.7487], [0.8595, 0.8532, 0.8126, 0.7991, 0.8049, 0.8635, 0.7827, 0.8544, 0.85, 0.8431], [0.8769, 0.8886, 0.8931, 0.902, 0.8825, 0.9076, 0.8829, 0.8751, 0.8648, 0.8765], [0.8199, 0.7948, 0.8058, 0.8123, 0.7754, 0.8003, 0.8106, 0.8125, 0.8127, 0.7884]]
Results: 	[[0.8312, 0.8335, 0.8009, 0.8307, 0.8422, 0.8385, 0.8262, 0.8206, 0.8227, 0.8491, 0.684], [0.7363, 0.7111, 0.7678, 0.7429, 0.7809, 0.8045, 0.7839, 0.7762, 0.7699, 0.7458, 0.7942], [0.8111, 0.8045, 0.7769, 0.7908, 0.8308, 0.8236, 0.8138, 0.761, 0.7516, 0.7487, 0.7895], [0.8595, 0.8532, 0.8126, 0.7991, 0.8049, 0.8635, 0.7827, 0.8544, 0.85, 0.8431, 0.8709], [0.8769, 0.8886, 0.8931, 0.902, 0.8825, 0.9076, 0.8829, 0.8751, 0.8648, 0.8765, 0.8823], [0.8199, 0.7948, 0.8058, 0.8123, 0.7754, 0.8003, 0.8106, 0.8125, 0.8127, 0.7884, 0.8086]]
Results: 	[[0.8312, 0.8335, 0.8009, 0.8307, 0.8422, 0.8385, 0.8262, 0.8206, 0.8227, 0.8491, 0.684, 0.7505], [0.7363, 0.7111, 0.7678, 0.7429, 0.7809, 0.8045, 0.7839, 0.7762, 0.7699, 0.7458, 0.7942, 0.7277], [0.8111, 0.8045, 0.7769, 0.7908, 0.8308, 0.8236, 0.8138, 0.761, 0.7516, 0.7487, 0.7895, 0.6285], [0.8595, 0.8532, 0.8126, 0.7991, 0.8049, 0.8635, 0.7827, 0.8544, 0.85, 0.8431, 0.8709, 0.8366], [0.8769, 0.8886, 0.8931, 0.902, 0.8825, 0.9076, 0.8829, 0.8751, 0.8648, 0.8765, 0.8823, 0.9018], [0.8199, 0.7948, 0.8058, 0.8123, 0.7754, 0.8003, 0.8106, 0.8125, 0.8127, 0.7884, 0.8086, 0.7957]]
Results: 	[[0.8312, 0.8335, 0.8009, 0.8307, 0.8422, 0.8385, 0.8262, 0.8206, 0.8227, 0.8491, 0.684, 0.7505, 0.8127], [0.7363, 0.7111, 0.7678, 0.7429, 0.7809, 0.8045, 0.7839, 0.7762, 0.7699, 0.7458, 0.7942, 0.7277, 0.7874], [0.8111, 0.8045, 0.7769, 0.7908, 0.8308, 0.8236, 0.8138, 0.761, 0.7516, 0.7487, 0.7895, 0.6285, 0.7908], [0.8595, 0.8532, 0.8126, 0.7991, 0.8049, 0.8635, 0.7827, 0.8544, 0.85, 0.8431, 0.8709, 0.8366, 0.8447], [0.8769, 0.8886, 0.8931, 0.902, 0.8825, 0.9076, 0.8829, 0.8751, 0.8648, 0.8765, 0.8823, 0.9018, 0.8977], [0.8199, 0.7948, 0.8058, 0.8123, 0.7754, 0.8003, 0.8106, 0.8125, 0.8127, 0.7884, 0.8086, 0.7957, 0.7745]]
Results: 	[[0.8312, 0.8335, 0.8009, 0.8307, 0.8422, 0.8385, 0.8262, 0.8206, 0.8227, 0.8491, 0.684, 0.7505, 0.8127, 0.7882], [0.7363, 0.7111, 0.7678, 0.7429, 0.7809, 0.8045, 0.7839, 0.7762, 0.7699, 0.7458, 0.7942, 0.7277, 0.7874, 0.7766], [0.8111, 0.8045, 0.7769, 0.7908, 0.8308, 0.8236, 0.8138, 0.761, 0.7516, 0.7487, 0.7895, 0.6285, 0.7908, 0.7999], [0.8595, 0.8532, 0.8126, 0.7991, 0.8049, 0.8635, 0.7827, 0.8544, 0.85, 0.8431, 0.8709, 0.8366, 0.8447, 0.8291], [0.8769, 0.8886, 0.8931, 0.902, 0.8825, 0.9076, 0.8829, 0.8751, 0.8648, 0.8765, 0.8823, 0.9018, 0.8977, 0.8758], [0.8199, 0.7948, 0.8058, 0.8123, 0.7754, 0.8003, 0.8106, 0.8125, 0.8127, 0.7884, 0.8086, 0.7957, 0.7745, 0.802]]
Results: 	[[0.8312, 0.8335, 0.8009, 0.8307, 0.8422, 0.8385, 0.8262, 0.8206, 0.8227, 0.8491, 0.684, 0.7505, 0.8127, 0.7882, 0.7924], [0.7363, 0.7111, 0.7678, 0.7429, 0.7809, 0.8045, 0.7839, 0.7762, 0.7699, 0.7458, 0.7942, 0.7277, 0.7874, 0.7766, 0.7623], [0.8111, 0.8045, 0.7769, 0.7908, 0.8308, 0.8236, 0.8138, 0.761, 0.7516, 0.7487, 0.7895, 0.6285, 0.7908, 0.7999, 0.8005], [0.8595, 0.8532, 0.8126, 0.7991, 0.8049, 0.8635, 0.7827, 0.8544, 0.85, 0.8431, 0.8709, 0.8366, 0.8447, 0.8291, 0.8475], [0.8769, 0.8886, 0.8931, 0.902, 0.8825, 0.9076, 0.8829, 0.8751, 0.8648, 0.8765, 0.8823, 0.9018, 0.8977, 0.8758, 0.8926], [0.8199, 0.7948, 0.8058, 0.8123, 0.7754, 0.8003, 0.8106, 0.8125, 0.8127, 0.7884, 0.8086, 0.7957, 0.7745, 0.802, 0.8223]]
Results: 	[[0.8312, 0.8335, 0.8009, 0.8307, 0.8422, 0.8385, 0.8262, 0.8206, 0.8227, 0.8491, 0.684, 0.7505, 0.8127, 0.7882, 0.7924, 0.8247], [0.7363, 0.7111, 0.7678, 0.7429, 0.7809, 0.8045, 0.7839, 0.7762, 0.7699, 0.7458, 0.7942, 0.7277, 0.7874, 0.7766, 0.7623, 0.7478], [0.8111, 0.8045, 0.7769, 0.7908, 0.8308, 0.8236, 0.8138, 0.761, 0.7516, 0.7487, 0.7895, 0.6285, 0.7908, 0.7999, 0.8005, 0.8173], [0.8595, 0.8532, 0.8126, 0.7991, 0.8049, 0.8635, 0.7827, 0.8544, 0.85, 0.8431, 0.8709, 0.8366, 0.8447, 0.8291, 0.8475, 0.8372], [0.8769, 0.8886, 0.8931, 0.902, 0.8825, 0.9076, 0.8829, 0.8751, 0.8648, 0.8765, 0.8823, 0.9018, 0.8977, 0.8758, 0.8926, 0.8589], [0.8199, 0.7948, 0.8058, 0.8123, 0.7754, 0.8003, 0.8106, 0.8125, 0.8127, 0.7884, 0.8086, 0.7957, 0.7745, 0.802, 0.8223, 0.8213]]
Results: 	[[0.8312, 0.8335, 0.8009, 0.8307, 0.8422, 0.8385, 0.8262, 0.8206, 0.8227, 0.8491, 0.684, 0.7505, 0.8127, 0.7882, 0.7924, 0.8247, 0.8282], [0.7363, 0.7111, 0.7678, 0.7429, 0.7809, 0.8045, 0.7839, 0.7762, 0.7699, 0.7458, 0.7942, 0.7277, 0.7874, 0.7766, 0.7623, 0.7478, 0.7916], [0.8111, 0.8045, 0.7769, 0.7908, 0.8308, 0.8236, 0.8138, 0.761, 0.7516, 0.7487, 0.7895, 0.6285, 0.7908, 0.7999, 0.8005, 0.8173, 0.807], [0.8595, 0.8532, 0.8126, 0.7991, 0.8049, 0.8635, 0.7827, 0.8544, 0.85, 0.8431, 0.8709, 0.8366, 0.8447, 0.8291, 0.8475, 0.8372, 0.7836], [0.8769, 0.8886, 0.8931, 0.902, 0.8825, 0.9076, 0.8829, 0.8751, 0.8648, 0.8765, 0.8823, 0.9018, 0.8977, 0.8758, 0.8926, 0.8589, 0.8977], [0.8199, 0.7948, 0.8058, 0.8123, 0.7754, 0.8003, 0.8106, 0.8125, 0.8127, 0.7884, 0.8086, 0.7957, 0.7745, 0.802, 0.8223, 0.8213, 0.8073]]
Results: 	[[0.8312, 0.8335, 0.8009, 0.8307, 0.8422, 0.8385, 0.8262, 0.8206, 0.8227, 0.8491, 0.684, 0.7505, 0.8127, 0.7882, 0.7924, 0.8247, 0.8282, 0.8355], [0.7363, 0.7111, 0.7678, 0.7429, 0.7809, 0.8045, 0.7839, 0.7762, 0.7699, 0.7458, 0.7942, 0.7277, 0.7874, 0.7766, 0.7623, 0.7478, 0.7916, 0.7836], [0.8111, 0.8045, 0.7769, 0.7908, 0.8308, 0.8236, 0.8138, 0.761, 0.7516, 0.7487, 0.7895, 0.6285, 0.7908, 0.7999, 0.8005, 0.8173, 0.807, 0.8342], [0.8595, 0.8532, 0.8126, 0.7991, 0.8049, 0.8635, 0.7827, 0.8544, 0.85, 0.8431, 0.8709, 0.8366, 0.8447, 0.8291, 0.8475, 0.8372, 0.7836, 0.8588], [0.8769, 0.8886, 0.8931, 0.902, 0.8825, 0.9076, 0.8829, 0.8751, 0.8648, 0.8765, 0.8823, 0.9018, 0.8977, 0.8758, 0.8926, 0.8589, 0.8977, 0.8832], [0.8199, 0.7948, 0.8058, 0.8123, 0.7754, 0.8003, 0.8106, 0.8125, 0.8127, 0.7884, 0.8086, 0.7957, 0.7745, 0.802, 0.8223, 0.8213, 0.8073, 0.8002]]
Results: 	[[0.8312, 0.8335, 0.8009, 0.8307, 0.8422, 0.8385, 0.8262, 0.8206, 0.8227, 0.8491, 0.684, 0.7505, 0.8127, 0.7882, 0.7924, 0.8247, 0.8282, 0.8355, 0.8282], [0.7363, 0.7111, 0.7678, 0.7429, 0.7809, 0.8045, 0.7839, 0.7762, 0.7699, 0.7458, 0.7942, 0.7277, 0.7874, 0.7766, 0.7623, 0.7478, 0.7916, 0.7836, 0.7858], [0.8111, 0.8045, 0.7769, 0.7908, 0.8308, 0.8236, 0.8138, 0.761, 0.7516, 0.7487, 0.7895, 0.6285, 0.7908, 0.7999, 0.8005, 0.8173, 0.807, 0.8342, 0.8221], [0.8595, 0.8532, 0.8126, 0.7991, 0.8049, 0.8635, 0.7827, 0.8544, 0.85, 0.8431, 0.8709, 0.8366, 0.8447, 0.8291, 0.8475, 0.8372, 0.7836, 0.8588, 0.8411], [0.8769, 0.8886, 0.8931, 0.902, 0.8825, 0.9076, 0.8829, 0.8751, 0.8648, 0.8765, 0.8823, 0.9018, 0.8977, 0.8758, 0.8926, 0.8589, 0.8977, 0.8832, 0.9076], [0.8199, 0.7948, 0.8058, 0.8123, 0.7754, 0.8003, 0.8106, 0.8125, 0.8127, 0.7884, 0.8086, 0.7957, 0.7745, 0.802, 0.8223, 0.8213, 0.8073, 0.8002, 0.8054]]
Results: 	[[0.8312, 0.8335, 0.8009, 0.8307, 0.8422, 0.8385, 0.8262, 0.8206, 0.8227, 0.8491, 0.684, 0.7505, 0.8127, 0.7882, 0.7924, 0.8247, 0.8282, 0.8355, 0.8282, 0.8395], [0.7363, 0.7111, 0.7678, 0.7429, 0.7809, 0.8045, 0.7839, 0.7762, 0.7699, 0.7458, 0.7942, 0.7277, 0.7874, 0.7766, 0.7623, 0.7478, 0.7916, 0.7836, 0.7858, 0.7822], [0.8111, 0.8045, 0.7769, 0.7908, 0.8308, 0.8236, 0.8138, 0.761, 0.7516, 0.7487, 0.7895, 0.6285, 0.7908, 0.7999, 0.8005, 0.8173, 0.807, 0.8342, 0.8221, 0.8342], [0.8595, 0.8532, 0.8126, 0.7991, 0.8049, 0.8635, 0.7827, 0.8544, 0.85, 0.8431, 0.8709, 0.8366, 0.8447, 0.8291, 0.8475, 0.8372, 0.7836, 0.8588, 0.8411, 0.8616], [0.8769, 0.8886, 0.8931, 0.902, 0.8825, 0.9076, 0.8829, 0.8751, 0.8648, 0.8765, 0.8823, 0.9018, 0.8977, 0.8758, 0.8926, 0.8589, 0.8977, 0.8832, 0.9076, 0.8579], [0.8199, 0.7948, 0.8058, 0.8123, 0.7754, 0.8003, 0.8106, 0.8125, 0.8127, 0.7884, 0.8086, 0.7957, 0.7745, 0.802, 0.8223, 0.8213, 0.8073, 0.8002, 0.8054, 0.7742]]
Results: 	[[0.8312, 0.8335, 0.8009, 0.8307, 0.8422, 0.8385, 0.8262, 0.8206, 0.8227, 0.8491, 0.684, 0.7505, 0.8127, 0.7882, 0.7924, 0.8247, 0.8282, 0.8355, 0.8282, 0.8395, 0.8125], [0.7363, 0.7111, 0.7678, 0.7429, 0.7809, 0.8045, 0.7839, 0.7762, 0.7699, 0.7458, 0.7942, 0.7277, 0.7874, 0.7766, 0.7623, 0.7478, 0.7916, 0.7836, 0.7858, 0.7822, 0.788], [0.8111, 0.8045, 0.7769, 0.7908, 0.8308, 0.8236, 0.8138, 0.761, 0.7516, 0.7487, 0.7895, 0.6285, 0.7908, 0.7999, 0.8005, 0.8173, 0.807, 0.8342, 0.8221, 0.8342, 0.7915], [0.8595, 0.8532, 0.8126, 0.7991, 0.8049, 0.8635, 0.7827, 0.8544, 0.85, 0.8431, 0.8709, 0.8366, 0.8447, 0.8291, 0.8475, 0.8372, 0.7836, 0.8588, 0.8411, 0.8616, 0.8464], [0.8769, 0.8886, 0.8931, 0.902, 0.8825, 0.9076, 0.8829, 0.8751, 0.8648, 0.8765, 0.8823, 0.9018, 0.8977, 0.8758, 0.8926, 0.8589, 0.8977, 0.8832, 0.9076, 0.8579, 0.8739], [0.8199, 0.7948, 0.8058, 0.8123, 0.7754, 0.8003, 0.8106, 0.8125, 0.8127, 0.7884, 0.8086, 0.7957, 0.7745, 0.802, 0.8223, 0.8213, 0.8073, 0.8002, 0.8054, 0.7742, 0.81]]
Results: 	[[0.8312, 0.8335, 0.8009, 0.8307, 0.8422, 0.8385, 0.8262, 0.8206, 0.8227, 0.8491, 0.684, 0.7505, 0.8127, 0.7882, 0.7924, 0.8247, 0.8282, 0.8355, 0.8282, 0.8395, 0.8125, 0.8001], [0.7363, 0.7111, 0.7678, 0.7429, 0.7809, 0.8045, 0.7839, 0.7762, 0.7699, 0.7458, 0.7942, 0.7277, 0.7874, 0.7766, 0.7623, 0.7478, 0.7916, 0.7836, 0.7858, 0.7822, 0.788, 0.7842], [0.8111, 0.8045, 0.7769, 0.7908, 0.8308, 0.8236, 0.8138, 0.761, 0.7516, 0.7487, 0.7895, 0.6285, 0.7908, 0.7999, 0.8005, 0.8173, 0.807, 0.8342, 0.8221, 0.8342, 0.7915, 0.7779], [0.8595, 0.8532, 0.8126, 0.7991, 0.8049, 0.8635, 0.7827, 0.8544, 0.85, 0.8431, 0.8709, 0.8366, 0.8447, 0.8291, 0.8475, 0.8372, 0.7836, 0.8588, 0.8411, 0.8616, 0.8464, 0.8181], [0.8769, 0.8886, 0.8931, 0.902, 0.8825, 0.9076, 0.8829, 0.8751, 0.8648, 0.8765, 0.8823, 0.9018, 0.8977, 0.8758, 0.8926, 0.8589, 0.8977, 0.8832, 0.9076, 0.8579, 0.8739, 0.8699], [0.8199, 0.7948, 0.8058, 0.8123, 0.7754, 0.8003, 0.8106, 0.8125, 0.8127, 0.7884, 0.8086, 0.7957, 0.7745, 0.802, 0.8223, 0.8213, 0.8073, 0.8002, 0.8054, 0.7742, 0.81, 0.8194]]
Results: 	[[0.8312, 0.8335, 0.8009, 0.8307, 0.8422, 0.8385, 0.8262, 0.8206, 0.8227, 0.8491, 0.684, 0.7505, 0.8127, 0.7882, 0.7924, 0.8247, 0.8282, 0.8355, 0.8282, 0.8395, 0.8125, 0.8001, 0.8289], [0.7363, 0.7111, 0.7678, 0.7429, 0.7809, 0.8045, 0.7839, 0.7762, 0.7699, 0.7458, 0.7942, 0.7277, 0.7874, 0.7766, 0.7623, 0.7478, 0.7916, 0.7836, 0.7858, 0.7822, 0.788, 0.7842, 0.7248], [0.8111, 0.8045, 0.7769, 0.7908, 0.8308, 0.8236, 0.8138, 0.761, 0.7516, 0.7487, 0.7895, 0.6285, 0.7908, 0.7999, 0.8005, 0.8173, 0.807, 0.8342, 0.8221, 0.8342, 0.7915, 0.7779, 0.8038], [0.8595, 0.8532, 0.8126, 0.7991, 0.8049, 0.8635, 0.7827, 0.8544, 0.85, 0.8431, 0.8709, 0.8366, 0.8447, 0.8291, 0.8475, 0.8372, 0.7836, 0.8588, 0.8411, 0.8616, 0.8464, 0.8181, 0.7376], [0.8769, 0.8886, 0.8931, 0.902, 0.8825, 0.9076, 0.8829, 0.8751, 0.8648, 0.8765, 0.8823, 0.9018, 0.8977, 0.8758, 0.8926, 0.8589, 0.8977, 0.8832, 0.9076, 0.8579, 0.8739, 0.8699, 0.8982], [0.8199, 0.7948, 0.8058, 0.8123, 0.7754, 0.8003, 0.8106, 0.8125, 0.8127, 0.7884, 0.8086, 0.7957, 0.7745, 0.802, 0.8223, 0.8213, 0.8073, 0.8002, 0.8054, 0.7742, 0.81, 0.8194, 0.82]]
Results: 	[[0.8312, 0.8335, 0.8009, 0.8307, 0.8422, 0.8385, 0.8262, 0.8206, 0.8227, 0.8491, 0.684, 0.7505, 0.8127, 0.7882, 0.7924, 0.8247, 0.8282, 0.8355, 0.8282, 0.8395, 0.8125, 0.8001, 0.8289, 0.7745], [0.7363, 0.7111, 0.7678, 0.7429, 0.7809, 0.8045, 0.7839, 0.7762, 0.7699, 0.7458, 0.7942, 0.7277, 0.7874, 0.7766, 0.7623, 0.7478, 0.7916, 0.7836, 0.7858, 0.7822, 0.788, 0.7842, 0.7248, 0.7609], [0.8111, 0.8045, 0.7769, 0.7908, 0.8308, 0.8236, 0.8138, 0.761, 0.7516, 0.7487, 0.7895, 0.6285, 0.7908, 0.7999, 0.8005, 0.8173, 0.807, 0.8342, 0.8221, 0.8342, 0.7915, 0.7779, 0.8038, 0.7686], [0.8595, 0.8532, 0.8126, 0.7991, 0.8049, 0.8635, 0.7827, 0.8544, 0.85, 0.8431, 0.8709, 0.8366, 0.8447, 0.8291, 0.8475, 0.8372, 0.7836, 0.8588, 0.8411, 0.8616, 0.8464, 0.8181, 0.7376, 0.8569], [0.8769, 0.8886, 0.8931, 0.902, 0.8825, 0.9076, 0.8829, 0.8751, 0.8648, 0.8765, 0.8823, 0.9018, 0.8977, 0.8758, 0.8926, 0.8589, 0.8977, 0.8832, 0.9076, 0.8579, 0.8739, 0.8699, 0.8982, 0.8738], [0.8199, 0.7948, 0.8058, 0.8123, 0.7754, 0.8003, 0.8106, 0.8125, 0.8127, 0.7884, 0.8086, 0.7957, 0.7745, 0.802, 0.8223, 0.8213, 0.8073, 0.8002, 0.8054, 0.7742, 0.81, 0.8194, 0.82, 0.798]]
Results: 	[[0.8312, 0.8335, 0.8009, 0.8307, 0.8422, 0.8385, 0.8262, 0.8206, 0.8227, 0.8491, 0.684, 0.7505, 0.8127, 0.7882, 0.7924, 0.8247, 0.8282, 0.8355, 0.8282, 0.8395, 0.8125, 0.8001, 0.8289, 0.7745, 0.7919], [0.7363, 0.7111, 0.7678, 0.7429, 0.7809, 0.8045, 0.7839, 0.7762, 0.7699, 0.7458, 0.7942, 0.7277, 0.7874, 0.7766, 0.7623, 0.7478, 0.7916, 0.7836, 0.7858, 0.7822, 0.788, 0.7842, 0.7248, 0.7609, 0.748], [0.8111, 0.8045, 0.7769, 0.7908, 0.8308, 0.8236, 0.8138, 0.761, 0.7516, 0.7487, 0.7895, 0.6285, 0.7908, 0.7999, 0.8005, 0.8173, 0.807, 0.8342, 0.8221, 0.8342, 0.7915, 0.7779, 0.8038, 0.7686, 0.7165], [0.8595, 0.8532, 0.8126, 0.7991, 0.8049, 0.8635, 0.7827, 0.8544, 0.85, 0.8431, 0.8709, 0.8366, 0.8447, 0.8291, 0.8475, 0.8372, 0.7836, 0.8588, 0.8411, 0.8616, 0.8464, 0.8181, 0.7376, 0.8569, 0.831], [0.8769, 0.8886, 0.8931, 0.902, 0.8825, 0.9076, 0.8829, 0.8751, 0.8648, 0.8765, 0.8823, 0.9018, 0.8977, 0.8758, 0.8926, 0.8589, 0.8977, 0.8832, 0.9076, 0.8579, 0.8739, 0.8699, 0.8982, 0.8738, 0.8833], [0.8199, 0.7948, 0.8058, 0.8123, 0.7754, 0.8003, 0.8106, 0.8125, 0.8127, 0.7884, 0.8086, 0.7957, 0.7745, 0.802, 0.8223, 0.8213, 0.8073, 0.8002, 0.8054, 0.7742, 0.81, 0.8194, 0.82, 0.798, 0.8013]]
Results: 	[[0.8312, 0.8335, 0.8009, 0.8307, 0.8422, 0.8385, 0.8262, 0.8206, 0.8227, 0.8491, 0.684, 0.7505, 0.8127, 0.7882, 0.7924, 0.8247, 0.8282, 0.8355, 0.8282, 0.8395, 0.8125, 0.8001, 0.8289, 0.7745, 0.7919, 0.8454], [0.7363, 0.7111, 0.7678, 0.7429, 0.7809, 0.8045, 0.7839, 0.7762, 0.7699, 0.7458, 0.7942, 0.7277, 0.7874, 0.7766, 0.7623, 0.7478, 0.7916, 0.7836, 0.7858, 0.7822, 0.788, 0.7842, 0.7248, 0.7609, 0.748, 0.7499], [0.8111, 0.8045, 0.7769, 0.7908, 0.8308, 0.8236, 0.8138, 0.761, 0.7516, 0.7487, 0.7895, 0.6285, 0.7908, 0.7999, 0.8005, 0.8173, 0.807, 0.8342, 0.8221, 0.8342, 0.7915, 0.7779, 0.8038, 0.7686, 0.7165, 0.7528], [0.8595, 0.8532, 0.8126, 0.7991, 0.8049, 0.8635, 0.7827, 0.8544, 0.85, 0.8431, 0.8709, 0.8366, 0.8447, 0.8291, 0.8475, 0.8372, 0.7836, 0.8588, 0.8411, 0.8616, 0.8464, 0.8181, 0.7376, 0.8569, 0.831, 0.7475], [0.8769, 0.8886, 0.8931, 0.902, 0.8825, 0.9076, 0.8829, 0.8751, 0.8648, 0.8765, 0.8823, 0.9018, 0.8977, 0.8758, 0.8926, 0.8589, 0.8977, 0.8832, 0.9076, 0.8579, 0.8739, 0.8699, 0.8982, 0.8738, 0.8833, 0.8682], [0.8199, 0.7948, 0.8058, 0.8123, 0.7754, 0.8003, 0.8106, 0.8125, 0.8127, 0.7884, 0.8086, 0.7957, 0.7745, 0.802, 0.8223, 0.8213, 0.8073, 0.8002, 0.8054, 0.7742, 0.81, 0.8194, 0.82, 0.798, 0.8013, 0.7656]]
Results: 	[[0.8312, 0.8335, 0.8009, 0.8307, 0.8422, 0.8385, 0.8262, 0.8206, 0.8227, 0.8491, 0.684, 0.7505, 0.8127, 0.7882, 0.7924, 0.8247, 0.8282, 0.8355, 0.8282, 0.8395, 0.8125, 0.8001, 0.8289, 0.7745, 0.7919, 0.8454, 0.8278], [0.7363, 0.7111, 0.7678, 0.7429, 0.7809, 0.8045, 0.7839, 0.7762, 0.7699, 0.7458, 0.7942, 0.7277, 0.7874, 0.7766, 0.7623, 0.7478, 0.7916, 0.7836, 0.7858, 0.7822, 0.788, 0.7842, 0.7248, 0.7609, 0.748, 0.7499, 0.7991], [0.8111, 0.8045, 0.7769, 0.7908, 0.8308, 0.8236, 0.8138, 0.761, 0.7516, 0.7487, 0.7895, 0.6285, 0.7908, 0.7999, 0.8005, 0.8173, 0.807, 0.8342, 0.8221, 0.8342, 0.7915, 0.7779, 0.8038, 0.7686, 0.7165, 0.7528, 0.789], [0.8595, 0.8532, 0.8126, 0.7991, 0.8049, 0.8635, 0.7827, 0.8544, 0.85, 0.8431, 0.8709, 0.8366, 0.8447, 0.8291, 0.8475, 0.8372, 0.7836, 0.8588, 0.8411, 0.8616, 0.8464, 0.8181, 0.7376, 0.8569, 0.831, 0.7475, 0.8078], [0.8769, 0.8886, 0.8931, 0.902, 0.8825, 0.9076, 0.8829, 0.8751, 0.8648, 0.8765, 0.8823, 0.9018, 0.8977, 0.8758, 0.8926, 0.8589, 0.8977, 0.8832, 0.9076, 0.8579, 0.8739, 0.8699, 0.8982, 0.8738, 0.8833, 0.8682, 0.9061], [0.8199, 0.7948, 0.8058, 0.8123, 0.7754, 0.8003, 0.8106, 0.8125, 0.8127, 0.7884, 0.8086, 0.7957, 0.7745, 0.802, 0.8223, 0.8213, 0.8073, 0.8002, 0.8054, 0.7742, 0.81, 0.8194, 0.82, 0.798, 0.8013, 0.7656, 0.8271]]
Results: 	[[0.8312, 0.8335, 0.8009, 0.8307, 0.8422, 0.8385, 0.8262, 0.8206, 0.8227, 0.8491, 0.684, 0.7505, 0.8127, 0.7882, 0.7924, 0.8247, 0.8282, 0.8355, 0.8282, 0.8395, 0.8125, 0.8001, 0.8289, 0.7745, 0.7919, 0.8454, 0.8278, 0.8334], [0.7363, 0.7111, 0.7678, 0.7429, 0.7809, 0.8045, 0.7839, 0.7762, 0.7699, 0.7458, 0.7942, 0.7277, 0.7874, 0.7766, 0.7623, 0.7478, 0.7916, 0.7836, 0.7858, 0.7822, 0.788, 0.7842, 0.7248, 0.7609, 0.748, 0.7499, 0.7991, 0.6617], [0.8111, 0.8045, 0.7769, 0.7908, 0.8308, 0.8236, 0.8138, 0.761, 0.7516, 0.7487, 0.7895, 0.6285, 0.7908, 0.7999, 0.8005, 0.8173, 0.807, 0.8342, 0.8221, 0.8342, 0.7915, 0.7779, 0.8038, 0.7686, 0.7165, 0.7528, 0.789, 0.7837], [0.8595, 0.8532, 0.8126, 0.7991, 0.8049, 0.8635, 0.7827, 0.8544, 0.85, 0.8431, 0.8709, 0.8366, 0.8447, 0.8291, 0.8475, 0.8372, 0.7836, 0.8588, 0.8411, 0.8616, 0.8464, 0.8181, 0.7376, 0.8569, 0.831, 0.7475, 0.8078, 0.8545], [0.8769, 0.8886, 0.8931, 0.902, 0.8825, 0.9076, 0.8829, 0.8751, 0.8648, 0.8765, 0.8823, 0.9018, 0.8977, 0.8758, 0.8926, 0.8589, 0.8977, 0.8832, 0.9076, 0.8579, 0.8739, 0.8699, 0.8982, 0.8738, 0.8833, 0.8682, 0.9061, 0.8957], [0.8199, 0.7948, 0.8058, 0.8123, 0.7754, 0.8003, 0.8106, 0.8125, 0.8127, 0.7884, 0.8086, 0.7957, 0.7745, 0.802, 0.8223, 0.8213, 0.8073, 0.8002, 0.8054, 0.7742, 0.81, 0.8194, 0.82, 0.798, 0.8013, 0.7656, 0.8271, 0.8041]]
Results: 	[[0.8312, 0.8335, 0.8009, 0.8307, 0.8422, 0.8385, 0.8262, 0.8206, 0.8227, 0.8491, 0.684, 0.7505, 0.8127, 0.7882, 0.7924, 0.8247, 0.8282, 0.8355, 0.8282, 0.8395, 0.8125, 0.8001, 0.8289, 0.7745, 0.7919, 0.8454, 0.8278, 0.8334, 0.8048], [0.7363, 0.7111, 0.7678, 0.7429, 0.7809, 0.8045, 0.7839, 0.7762, 0.7699, 0.7458, 0.7942, 0.7277, 0.7874, 0.7766, 0.7623, 0.7478, 0.7916, 0.7836, 0.7858, 0.7822, 0.788, 0.7842, 0.7248, 0.7609, 0.748, 0.7499, 0.7991, 0.6617, 0.759], [0.8111, 0.8045, 0.7769, 0.7908, 0.8308, 0.8236, 0.8138, 0.761, 0.7516, 0.7487, 0.7895, 0.6285, 0.7908, 0.7999, 0.8005, 0.8173, 0.807, 0.8342, 0.8221, 0.8342, 0.7915, 0.7779, 0.8038, 0.7686, 0.7165, 0.7528, 0.789, 0.7837, 0.8001], [0.8595, 0.8532, 0.8126, 0.7991, 0.8049, 0.8635, 0.7827, 0.8544, 0.85, 0.8431, 0.8709, 0.8366, 0.8447, 0.8291, 0.8475, 0.8372, 0.7836, 0.8588, 0.8411, 0.8616, 0.8464, 0.8181, 0.7376, 0.8569, 0.831, 0.7475, 0.8078, 0.8545, 0.8558], [0.8769, 0.8886, 0.8931, 0.902, 0.8825, 0.9076, 0.8829, 0.8751, 0.8648, 0.8765, 0.8823, 0.9018, 0.8977, 0.8758, 0.8926, 0.8589, 0.8977, 0.8832, 0.9076, 0.8579, 0.8739, 0.8699, 0.8982, 0.8738, 0.8833, 0.8682, 0.9061, 0.8957, 0.8774], [0.8199, 0.7948, 0.8058, 0.8123, 0.7754, 0.8003, 0.8106, 0.8125, 0.8127, 0.7884, 0.8086, 0.7957, 0.7745, 0.802, 0.8223, 0.8213, 0.8073, 0.8002, 0.8054, 0.7742, 0.81, 0.8194, 0.82, 0.798, 0.8013, 0.7656, 0.8271, 0.8041, 0.816]]
Results: 	[[0.8312, 0.8335, 0.8009, 0.8307, 0.8422, 0.8385, 0.8262, 0.8206, 0.8227, 0.8491, 0.684, 0.7505, 0.8127, 0.7882, 0.7924, 0.8247, 0.8282, 0.8355, 0.8282, 0.8395, 0.8125, 0.8001, 0.8289, 0.7745, 0.7919, 0.8454, 0.8278, 0.8334, 0.8048, 0.8353], [0.7363, 0.7111, 0.7678, 0.7429, 0.7809, 0.8045, 0.7839, 0.7762, 0.7699, 0.7458, 0.7942, 0.7277, 0.7874, 0.7766, 0.7623, 0.7478, 0.7916, 0.7836, 0.7858, 0.7822, 0.788, 0.7842, 0.7248, 0.7609, 0.748, 0.7499, 0.7991, 0.6617, 0.759, 0.7381], [0.8111, 0.8045, 0.7769, 0.7908, 0.8308, 0.8236, 0.8138, 0.761, 0.7516, 0.7487, 0.7895, 0.6285, 0.7908, 0.7999, 0.8005, 0.8173, 0.807, 0.8342, 0.8221, 0.8342, 0.7915, 0.7779, 0.8038, 0.7686, 0.7165, 0.7528, 0.789, 0.7837, 0.8001, 0.8059], [0.8595, 0.8532, 0.8126, 0.7991, 0.8049, 0.8635, 0.7827, 0.8544, 0.85, 0.8431, 0.8709, 0.8366, 0.8447, 0.8291, 0.8475, 0.8372, 0.7836, 0.8588, 0.8411, 0.8616, 0.8464, 0.8181, 0.7376, 0.8569, 0.831, 0.7475, 0.8078, 0.8545, 0.8558, 0.8098], [0.8769, 0.8886, 0.8931, 0.902, 0.8825, 0.9076, 0.8829, 0.8751, 0.8648, 0.8765, 0.8823, 0.9018, 0.8977, 0.8758, 0.8926, 0.8589, 0.8977, 0.8832, 0.9076, 0.8579, 0.8739, 0.8699, 0.8982, 0.8738, 0.8833, 0.8682, 0.9061, 0.8957, 0.8774, 0.8729], [0.8199, 0.7948, 0.8058, 0.8123, 0.7754, 0.8003, 0.8106, 0.8125, 0.8127, 0.7884, 0.8086, 0.7957, 0.7745, 0.802, 0.8223, 0.8213, 0.8073, 0.8002, 0.8054, 0.7742, 0.81, 0.8194, 0.82, 0.798, 0.8013, 0.7656, 0.8271, 0.8041, 0.816, 0.8219]]

------------------------------------------------------------
Task                                          Acc       F1    AUROC  (mean ± std)
------------------------------------------------------------
Renal and urinary disorders              0.7389±0.0339  0.7843±0.0400  0.8145±0.0328
Pregnancy, puerperium and perinatal conditions 0.6783±0.0766  0.2702±0.0270  0.7624±0.0302
Ear and labyrinth disorders              0.7116±0.0309  0.7005±0.0375  0.7876±0.0401
Cardiac disorders                        0.7502±0.0346  0.8065±0.0322  0.8300±0.0331
Nervous system disorders                 0.7610±0.0456  0.8522±0.0334  0.8842±0.0140
Injury, poisoning and procedural complications 0.7295±0.0249  0.7834±0.0311  0.8043±0.0155

OVERALL AVERAGE                          0.7282±0.0272  0.6995±0.1972  0.8138±0.0379
------------------------------------------------------------
