
============================================================
Tasks: ['SR-HSE', 'SR-MMP', 'SR-p53']
K_shot=5, episodes=30
============================================================
Results: 	[[0.7261], [0.8041], [0.8077]]
Results: 	[[0.7261, 0.7315], [0.8041, 0.7512], [0.8077, 0.7991]]
Results: 	[[0.7261, 0.7315, 0.7539], [0.8041, 0.7512, 0.8187], [0.8077, 0.7991, 0.8103]]
Results: 	[[0.7261, 0.7315, 0.7539, 0.7607], [0.8041, 0.7512, 0.8187, 0.8109], [0.8077, 0.7991, 0.8103, 0.8095]]
Results: 	[[0.7261, 0.7315, 0.7539, 0.7607, 0.7662], [0.8041, 0.7512, 0.8187, 0.8109, 0.6602], [0.8077, 0.7991, 0.8103, 0.8095, 0.7353]]
Results: 	[[0.7261, 0.7315, 0.7539, 0.7607, 0.7662, 0.7656], [0.8041, 0.7512, 0.8187, 0.8109, 0.6602, 0.6347], [0.8077, 0.7991, 0.8103, 0.8095, 0.7353, 0.8034]]
Results: 	[[0.7261, 0.7315, 0.7539, 0.7607, 0.7662, 0.7656, 0.7334], [0.8041, 0.7512, 0.8187, 0.8109, 0.6602, 0.6347, 0.7625], [0.8077, 0.7991, 0.8103, 0.8095, 0.7353, 0.8034, 0.793]]
Results: 	[[0.7261, 0.7315, 0.7539, 0.7607, 0.7662, 0.7656, 0.7334, 0.7646], [0.8041, 0.7512, 0.8187, 0.8109, 0.6602, 0.6347, 0.7625, 0.8242], [0.8077, 0.7991, 0.8103, 0.8095, 0.7353, 0.8034, 0.793, 0.8105]]
Results: 	[[0.7261, 0.7315, 0.7539, 0.7607, 0.7662, 0.7656, 0.7334, 0.7646, 0.7646], [0.8041, 0.7512, 0.8187, 0.8109, 0.6602, 0.6347, 0.7625, 0.8242, 0.8104], [0.8077, 0.7991, 0.8103, 0.8095, 0.7353, 0.8034, 0.793, 0.8105, 0.8087]]
Results: 	[[0.7261, 0.7315, 0.7539, 0.7607, 0.7662, 0.7656, 0.7334, 0.7646, 0.7646, 0.7612], [0.8041, 0.7512, 0.8187, 0.8109, 0.6602, 0.6347, 0.7625, 0.8242, 0.8104, 0.7527], [0.8077, 0.7991, 0.8103, 0.8095, 0.7353, 0.8034, 0.793, 0.8105, 0.8087, 0.7871]]
Results: 	[[0.7261, 0.7315, 0.7539, 0.7607, 0.7662, 0.7656, 0.7334, 0.7646, 0.7646, 0.7612, 0.764], [0.8041, 0.7512, 0.8187, 0.8109, 0.6602, 0.6347, 0.7625, 0.8242, 0.8104, 0.7527, 0.8311], [0.8077, 0.7991, 0.8103, 0.8095, 0.7353, 0.8034, 0.793, 0.8105, 0.8087, 0.7871, 0.7936]]
Results: 	[[0.7261, 0.7315, 0.7539, 0.7607, 0.7662, 0.7656, 0.7334, 0.7646, 0.7646, 0.7612, 0.764, 0.7544], [0.8041, 0.7512, 0.8187, 0.8109, 0.6602, 0.6347, 0.7625, 0.8242, 0.8104, 0.7527, 0.8311, 0.8062], [0.8077, 0.7991, 0.8103, 0.8095, 0.7353, 0.8034, 0.793, 0.8105, 0.8087, 0.7871, 0.7936, 0.7994]]
Results: 	[[0.7261, 0.7315, 0.7539, 0.7607, 0.7662, 0.7656, 0.7334, 0.7646, 0.7646, 0.7612, 0.764, 0.7544, 0.7591], [0.8041, 0.7512, 0.8187, 0.8109, 0.6602, 0.6347, 0.7625, 0.8242, 0.8104, 0.7527, 0.8311, 0.8062, 0.7447], [0.8077, 0.7991, 0.8103, 0.8095, 0.7353, 0.8034, 0.793, 0.8105, 0.8087, 0.7871, 0.7936, 0.7994, 0.7723]]
Results: 	[[0.7261, 0.7315, 0.7539, 0.7607, 0.7662, 0.7656, 0.7334, 0.7646, 0.7646, 0.7612, 0.764, 0.7544, 0.7591, 0.611], [0.8041, 0.7512, 0.8187, 0.8109, 0.6602, 0.6347, 0.7625, 0.8242, 0.8104, 0.7527, 0.8311, 0.8062, 0.7447, 0.7425], [0.8077, 0.7991, 0.8103, 0.8095, 0.7353, 0.8034, 0.793, 0.8105, 0.8087, 0.7871, 0.7936, 0.7994, 0.7723, 0.7521]]
Results: 	[[0.7261, 0.7315, 0.7539, 0.7607, 0.7662, 0.7656, 0.7334, 0.7646, 0.7646, 0.7612, 0.764, 0.7544, 0.7591, 0.611, 0.7428], [0.8041, 0.7512, 0.8187, 0.8109, 0.6602, 0.6347, 0.7625, 0.8242, 0.8104, 0.7527, 0.8311, 0.8062, 0.7447, 0.7425, 0.8156], [0.8077, 0.7991, 0.8103, 0.8095, 0.7353, 0.8034, 0.793, 0.8105, 0.8087, 0.7871, 0.7936, 0.7994, 0.7723, 0.7521, 0.5798]]
Results: 	[[0.7261, 0.7315, 0.7539, 0.7607, 0.7662, 0.7656, 0.7334, 0.7646, 0.7646, 0.7612, 0.764, 0.7544, 0.7591, 0.611, 0.7428, 0.7532], [0.8041, 0.7512, 0.8187, 0.8109, 0.6602, 0.6347, 0.7625, 0.8242, 0.8104, 0.7527, 0.8311, 0.8062, 0.7447, 0.7425, 0.8156, 0.8288], [0.8077, 0.7991, 0.8103, 0.8095, 0.7353, 0.8034, 0.793, 0.8105, 0.8087, 0.7871, 0.7936, 0.7994, 0.7723, 0.7521, 0.5798, 0.7958]]
Results: 	[[0.7261, 0.7315, 0.7539, 0.7607, 0.7662, 0.7656, 0.7334, 0.7646, 0.7646, 0.7612, 0.764, 0.7544, 0.7591, 0.611, 0.7428, 0.7532, 0.7087], [0.8041, 0.7512, 0.8187, 0.8109, 0.6602, 0.6347, 0.7625, 0.8242, 0.8104, 0.7527, 0.8311, 0.8062, 0.7447, 0.7425, 0.8156, 0.8288, 0.2677], [0.8077, 0.7991, 0.8103, 0.8095, 0.7353, 0.8034, 0.793, 0.8105, 0.8087, 0.7871, 0.7936, 0.7994, 0.7723, 0.7521, 0.5798, 0.7958, 0.813]]
Results: 	[[0.7261, 0.7315, 0.7539, 0.7607, 0.7662, 0.7656, 0.7334, 0.7646, 0.7646, 0.7612, 0.764, 0.7544, 0.7591, 0.611, 0.7428, 0.7532, 0.7087, 0.7141], [0.8041, 0.7512, 0.8187, 0.8109, 0.6602, 0.6347, 0.7625, 0.8242, 0.8104, 0.7527, 0.8311, 0.8062, 0.7447, 0.7425, 0.8156, 0.8288, 0.2677, 0.8039], [0.8077, 0.7991, 0.8103, 0.8095, 0.7353, 0.8034, 0.793, 0.8105, 0.8087, 0.7871, 0.7936, 0.7994, 0.7723, 0.7521, 0.5798, 0.7958, 0.813, 0.6737]]
Results: 	[[0.7261, 0.7315, 0.7539, 0.7607, 0.7662, 0.7656, 0.7334, 0.7646, 0.7646, 0.7612, 0.764, 0.7544, 0.7591, 0.611, 0.7428, 0.7532, 0.7087, 0.7141, 0.756], [0.8041, 0.7512, 0.8187, 0.8109, 0.6602, 0.6347, 0.7625, 0.8242, 0.8104, 0.7527, 0.8311, 0.8062, 0.7447, 0.7425, 0.8156, 0.8288, 0.2677, 0.8039, 0.8169], [0.8077, 0.7991, 0.8103, 0.8095, 0.7353, 0.8034, 0.793, 0.8105, 0.8087, 0.7871, 0.7936, 0.7994, 0.7723, 0.7521, 0.5798, 0.7958, 0.813, 0.6737, 0.7535]]
Results: 	[[0.7261, 0.7315, 0.7539, 0.7607, 0.7662, 0.7656, 0.7334, 0.7646, 0.7646, 0.7612, 0.764, 0.7544, 0.7591, 0.611, 0.7428, 0.7532, 0.7087, 0.7141, 0.756, 0.771], [0.8041, 0.7512, 0.8187, 0.8109, 0.6602, 0.6347, 0.7625, 0.8242, 0.8104, 0.7527, 0.8311, 0.8062, 0.7447, 0.7425, 0.8156, 0.8288, 0.2677, 0.8039, 0.8169, 0.8215], [0.8077, 0.7991, 0.8103, 0.8095, 0.7353, 0.8034, 0.793, 0.8105, 0.8087, 0.7871, 0.7936, 0.7994, 0.7723, 0.7521, 0.5798, 0.7958, 0.813, 0.6737, 0.7535, 0.7328]]
Results: 	[[0.7261, 0.7315, 0.7539, 0.7607, 0.7662, 0.7656, 0.7334, 0.7646, 0.7646, 0.7612, 0.764, 0.7544, 0.7591, 0.611, 0.7428, 0.7532, 0.7087, 0.7141, 0.756, 0.771, 0.7516], [0.8041, 0.7512, 0.8187, 0.8109, 0.6602, 0.6347, 0.7625, 0.8242, 0.8104, 0.7527, 0.8311, 0.8062, 0.7447, 0.7425, 0.8156, 0.8288, 0.2677, 0.8039, 0.8169, 0.8215, 0.8291], [0.8077, 0.7991, 0.8103, 0.8095, 0.7353, 0.8034, 0.793, 0.8105, 0.8087, 0.7871, 0.7936, 0.7994, 0.7723, 0.7521, 0.5798, 0.7958, 0.813, 0.6737, 0.7535, 0.7328, 0.8199]]
Results: 	[[0.7261, 0.7315, 0.7539, 0.7607, 0.7662, 0.7656, 0.7334, 0.7646, 0.7646, 0.7612, 0.764, 0.7544, 0.7591, 0.611, 0.7428, 0.7532, 0.7087, 0.7141, 0.756, 0.771, 0.7516, 0.743], [0.8041, 0.7512, 0.8187, 0.8109, 0.6602, 0.6347, 0.7625, 0.8242, 0.8104, 0.7527, 0.8311, 0.8062, 0.7447, 0.7425, 0.8156, 0.8288, 0.2677, 0.8039, 0.8169, 0.8215, 0.8291, 0.8325], [0.8077, 0.7991, 0.8103, 0.8095, 0.7353, 0.8034, 0.793, 0.8105, 0.8087, 0.7871, 0.7936, 0.7994, 0.7723, 0.7521, 0.5798, 0.7958, 0.813, 0.6737, 0.7535, 0.7328, 0.8199, 0.774]]
Results: 	[[0.7261, 0.7315, 0.7539, 0.7607, 0.7662, 0.7656, 0.7334, 0.7646, 0.7646, 0.7612, 0.764, 0.7544, 0.7591, 0.611, 0.7428, 0.7532, 0.7087, 0.7141, 0.756, 0.771, 0.7516, 0.743, 0.6387], [0.8041, 0.7512, 0.8187, 0.8109, 0.6602, 0.6347, 0.7625, 0.8242, 0.8104, 0.7527, 0.8311, 0.8062, 0.7447, 0.7425, 0.8156, 0.8288, 0.2677, 0.8039, 0.8169, 0.8215, 0.8291, 0.8325, 0.8173], [0.8077, 0.7991, 0.8103, 0.8095, 0.7353, 0.8034, 0.793, 0.8105, 0.8087, 0.7871, 0.7936, 0.7994, 0.7723, 0.7521, 0.5798, 0.7958, 0.813, 0.6737, 0.7535, 0.7328, 0.8199, 0.774, 0.7774]]
Results: 	[[0.7261, 0.7315, 0.7539, 0.7607, 0.7662, 0.7656, 0.7334, 0.7646, 0.7646, 0.7612, 0.764, 0.7544, 0.7591, 0.611, 0.7428, 0.7532, 0.7087, 0.7141, 0.756, 0.771, 0.7516, 0.743, 0.6387, 0.7355], [0.8041, 0.7512, 0.8187, 0.8109, 0.6602, 0.6347, 0.7625, 0.8242, 0.8104, 0.7527, 0.8311, 0.8062, 0.7447, 0.7425, 0.8156, 0.8288, 0.2677, 0.8039, 0.8169, 0.8215, 0.8291, 0.8325, 0.8173, 0.7702], [0.8077, 0.7991, 0.8103, 0.8095, 0.7353, 0.8034, 0.793, 0.8105, 0.8087, 0.7871, 0.7936, 0.7994, 0.7723, 0.7521, 0.5798, 0.7958, 0.813, 0.6737, 0.7535, 0.7328, 0.8199, 0.774, 0.7774, 0.8147]]
Results: 	[[0.7261, 0.7315, 0.7539, 0.7607, 0.7662, 0.7656, 0.7334, 0.7646, 0.7646, 0.7612, 0.764, 0.7544, 0.7591, 0.611, 0.7428, 0.7532, 0.7087, 0.7141, 0.756, 0.771, 0.7516, 0.743, 0.6387, 0.7355, 0.7465], [0.8041, 0.7512, 0.8187, 0.8109, 0.6602, 0.6347, 0.7625, 0.8242, 0.8104, 0.7527, 0.8311, 0.8062, 0.7447, 0.7425, 0.8156, 0.8288, 0.2677, 0.8039, 0.8169, 0.8215, 0.8291, 0.8325, 0.8173, 0.7702, 0.8252], [0.8077, 0.7991, 0.8103, 0.8095, 0.7353, 0.8034, 0.793, 0.8105, 0.8087, 0.7871, 0.7936, 0.7994, 0.7723, 0.7521, 0.5798, 0.7958, 0.813, 0.6737, 0.7535, 0.7328, 0.8199, 0.774, 0.7774, 0.8147, 0.7873]]
Results: 	[[0.7261, 0.7315, 0.7539, 0.7607, 0.7662, 0.7656, 0.7334, 0.7646, 0.7646, 0.7612, 0.764, 0.7544, 0.7591, 0.611, 0.7428, 0.7532, 0.7087, 0.7141, 0.756, 0.771, 0.7516, 0.743, 0.6387, 0.7355, 0.7465, 0.776], [0.8041, 0.7512, 0.8187, 0.8109, 0.6602, 0.6347, 0.7625, 0.8242, 0.8104, 0.7527, 0.8311, 0.8062, 0.7447, 0.7425, 0.8156, 0.8288, 0.2677, 0.8039, 0.8169, 0.8215, 0.8291, 0.8325, 0.8173, 0.7702, 0.8252, 0.8215], [0.8077, 0.7991, 0.8103, 0.8095, 0.7353, 0.8034, 0.793, 0.8105, 0.8087, 0.7871, 0.7936, 0.7994, 0.7723, 0.7521, 0.5798, 0.7958, 0.813, 0.6737, 0.7535, 0.7328, 0.8199, 0.774, 0.7774, 0.8147, 0.7873, 0.8148]]
Results: 	[[0.7261, 0.7315, 0.7539, 0.7607, 0.7662, 0.7656, 0.7334, 0.7646, 0.7646, 0.7612, 0.764, 0.7544, 0.7591, 0.611, 0.7428, 0.7532, 0.7087, 0.7141, 0.756, 0.771, 0.7516, 0.743, 0.6387, 0.7355, 0.7465, 0.776, 0.7403], [0.8041, 0.7512, 0.8187, 0.8109, 0.6602, 0.6347, 0.7625, 0.8242, 0.8104, 0.7527, 0.8311, 0.8062, 0.7447, 0.7425, 0.8156, 0.8288, 0.2677, 0.8039, 0.8169, 0.8215, 0.8291, 0.8325, 0.8173, 0.7702, 0.8252, 0.8215, 0.8241], [0.8077, 0.7991, 0.8103, 0.8095, 0.7353, 0.8034, 0.793, 0.8105, 0.8087, 0.7871, 0.7936, 0.7994, 0.7723, 0.7521, 0.5798, 0.7958, 0.813, 0.6737, 0.7535, 0.7328, 0.8199, 0.774, 0.7774, 0.8147, 0.7873, 0.8148, 0.823]]
Results: 	[[0.7261, 0.7315, 0.7539, 0.7607, 0.7662, 0.7656, 0.7334, 0.7646, 0.7646, 0.7612, 0.764, 0.7544, 0.7591, 0.611, 0.7428, 0.7532, 0.7087, 0.7141, 0.756, 0.771, 0.7516, 0.743, 0.6387, 0.7355, 0.7465, 0.776, 0.7403, 0.738], [0.8041, 0.7512, 0.8187, 0.8109, 0.6602, 0.6347, 0.7625, 0.8242, 0.8104, 0.7527, 0.8311, 0.8062, 0.7447, 0.7425, 0.8156, 0.8288, 0.2677, 0.8039, 0.8169, 0.8215, 0.8291, 0.8325, 0.8173, 0.7702, 0.8252, 0.8215, 0.8241, 0.7916], [0.8077, 0.7991, 0.8103, 0.8095, 0.7353, 0.8034, 0.793, 0.8105, 0.8087, 0.7871, 0.7936, 0.7994, 0.7723, 0.7521, 0.5798, 0.7958, 0.813, 0.6737, 0.7535, 0.7328, 0.8199, 0.774, 0.7774, 0.8147, 0.7873, 0.8148, 0.823, 0.7956]]
Results: 	[[0.7261, 0.7315, 0.7539, 0.7607, 0.7662, 0.7656, 0.7334, 0.7646, 0.7646, 0.7612, 0.764, 0.7544, 0.7591, 0.611, 0.7428, 0.7532, 0.7087, 0.7141, 0.756, 0.771, 0.7516, 0.743, 0.6387, 0.7355, 0.7465, 0.776, 0.7403, 0.738, 0.7527], [0.8041, 0.7512, 0.8187, 0.8109, 0.6602, 0.6347, 0.7625, 0.8242, 0.8104, 0.7527, 0.8311, 0.8062, 0.7447, 0.7425, 0.8156, 0.8288, 0.2677, 0.8039, 0.8169, 0.8215, 0.8291, 0.8325, 0.8173, 0.7702, 0.8252, 0.8215, 0.8241, 0.7916, 0.832], [0.8077, 0.7991, 0.8103, 0.8095, 0.7353, 0.8034, 0.793, 0.8105, 0.8087, 0.7871, 0.7936, 0.7994, 0.7723, 0.7521, 0.5798, 0.7958, 0.813, 0.6737, 0.7535, 0.7328, 0.8199, 0.774, 0.7774, 0.8147, 0.7873, 0.8148, 0.823, 0.7956, 0.7844]]
Results: 	[[0.7261, 0.7315, 0.7539, 0.7607, 0.7662, 0.7656, 0.7334, 0.7646, 0.7646, 0.7612, 0.764, 0.7544, 0.7591, 0.611, 0.7428, 0.7532, 0.7087, 0.7141, 0.756, 0.771, 0.7516, 0.743, 0.6387, 0.7355, 0.7465, 0.776, 0.7403, 0.738, 0.7527, 0.7607], [0.8041, 0.7512, 0.8187, 0.8109, 0.6602, 0.6347, 0.7625, 0.8242, 0.8104, 0.7527, 0.8311, 0.8062, 0.7447, 0.7425, 0.8156, 0.8288, 0.2677, 0.8039, 0.8169, 0.8215, 0.8291, 0.8325, 0.8173, 0.7702, 0.8252, 0.8215, 0.8241, 0.7916, 0.832, 0.7819], [0.8077, 0.7991, 0.8103, 0.8095, 0.7353, 0.8034, 0.793, 0.8105, 0.8087, 0.7871, 0.7936, 0.7994, 0.7723, 0.7521, 0.5798, 0.7958, 0.813, 0.6737, 0.7535, 0.7328, 0.8199, 0.774, 0.7774, 0.8147, 0.7873, 0.8148, 0.823, 0.7956, 0.7844, 0.7903]]

------------------------------------------------------------
Task                                          Acc       F1    AUROC  (mean ± std)
------------------------------------------------------------
SR-HSE                                   0.8039±0.0366  0.2475±0.0278  0.7415±0.0351
SR-MMP                                   0.7875±0.1108  0.4772±0.0776  0.7745±0.1054
SR-p53                                   0.8266±0.0713  0.3043±0.0538  0.7804±0.0486

OVERALL AVERAGE                          0.8060±0.0160  0.3430±0.0977  0.7655±0.0171
------------------------------------------------------------
