
============================================================
Tasks: ['SR-HSE', 'SR-MMP', 'SR-p53']
K_shot=10, episodes=30
============================================================
Results: 	[[0.5821], [0.8172], [0.7901]]
Results: 	[[0.5821, 0.7774], [0.8172, 0.8234], [0.7901, 0.8085]]
Results: 	[[0.5821, 0.7774, 0.7554], [0.8172, 0.8234, 0.8189], [0.7901, 0.8085, 0.8235]]
Results: 	[[0.5821, 0.7774, 0.7554, 0.7747], [0.8172, 0.8234, 0.8189, 0.8255], [0.7901, 0.8085, 0.8235, 0.8089]]
Results: 	[[0.5821, 0.7774, 0.7554, 0.7747, 0.7785], [0.8172, 0.8234, 0.8189, 0.8255, 0.8028], [0.7901, 0.8085, 0.8235, 0.8089, 0.8016]]
Results: 	[[0.5821, 0.7774, 0.7554, 0.7747, 0.7785, 0.7717], [0.8172, 0.8234, 0.8189, 0.8255, 0.8028, 0.8164], [0.7901, 0.8085, 0.8235, 0.8089, 0.8016, 0.8149]]
Results: 	[[0.5821, 0.7774, 0.7554, 0.7747, 0.7785, 0.7717, 0.773], [0.8172, 0.8234, 0.8189, 0.8255, 0.8028, 0.8164, 0.8247], [0.7901, 0.8085, 0.8235, 0.8089, 0.8016, 0.8149, 0.8122]]
Results: 	[[0.5821, 0.7774, 0.7554, 0.7747, 0.7785, 0.7717, 0.773, 0.7672], [0.8172, 0.8234, 0.8189, 0.8255, 0.8028, 0.8164, 0.8247, 0.8074], [0.7901, 0.8085, 0.8235, 0.8089, 0.8016, 0.8149, 0.8122, 0.8188]]
Results: 	[[0.5821, 0.7774, 0.7554, 0.7747, 0.7785, 0.7717, 0.773, 0.7672, 0.763], [0.8172, 0.8234, 0.8189, 0.8255, 0.8028, 0.8164, 0.8247, 0.8074, 0.8325], [0.7901, 0.8085, 0.8235, 0.8089, 0.8016, 0.8149, 0.8122, 0.8188, 0.8149]]
Results: 	[[0.5821, 0.7774, 0.7554, 0.7747, 0.7785, 0.7717, 0.773, 0.7672, 0.763, 0.7585], [0.8172, 0.8234, 0.8189, 0.8255, 0.8028, 0.8164, 0.8247, 0.8074, 0.8325, 0.7916], [0.7901, 0.8085, 0.8235, 0.8089, 0.8016, 0.8149, 0.8122, 0.8188, 0.8149, 0.8056]]
Results: 	[[0.5821, 0.7774, 0.7554, 0.7747, 0.7785, 0.7717, 0.773, 0.7672, 0.763, 0.7585, 0.7505], [0.8172, 0.8234, 0.8189, 0.8255, 0.8028, 0.8164, 0.8247, 0.8074, 0.8325, 0.7916, 0.8184], [0.7901, 0.8085, 0.8235, 0.8089, 0.8016, 0.8149, 0.8122, 0.8188, 0.8149, 0.8056, 0.8101]]
Results: 	[[0.5821, 0.7774, 0.7554, 0.7747, 0.7785, 0.7717, 0.773, 0.7672, 0.763, 0.7585, 0.7505, 0.7786], [0.8172, 0.8234, 0.8189, 0.8255, 0.8028, 0.8164, 0.8247, 0.8074, 0.8325, 0.7916, 0.8184, 0.8196], [0.7901, 0.8085, 0.8235, 0.8089, 0.8016, 0.8149, 0.8122, 0.8188, 0.8149, 0.8056, 0.8101, 0.8042]]
Results: 	[[0.5821, 0.7774, 0.7554, 0.7747, 0.7785, 0.7717, 0.773, 0.7672, 0.763, 0.7585, 0.7505, 0.7786, 0.7685], [0.8172, 0.8234, 0.8189, 0.8255, 0.8028, 0.8164, 0.8247, 0.8074, 0.8325, 0.7916, 0.8184, 0.8196, 0.8212], [0.7901, 0.8085, 0.8235, 0.8089, 0.8016, 0.8149, 0.8122, 0.8188, 0.8149, 0.8056, 0.8101, 0.8042, 0.8136]]
Results: 	[[0.5821, 0.7774, 0.7554, 0.7747, 0.7785, 0.7717, 0.773, 0.7672, 0.763, 0.7585, 0.7505, 0.7786, 0.7685, 0.7718], [0.8172, 0.8234, 0.8189, 0.8255, 0.8028, 0.8164, 0.8247, 0.8074, 0.8325, 0.7916, 0.8184, 0.8196, 0.8212, 0.8168], [0.7901, 0.8085, 0.8235, 0.8089, 0.8016, 0.8149, 0.8122, 0.8188, 0.8149, 0.8056, 0.8101, 0.8042, 0.8136, 0.7945]]
Results: 	[[0.5821, 0.7774, 0.7554, 0.7747, 0.7785, 0.7717, 0.773, 0.7672, 0.763, 0.7585, 0.7505, 0.7786, 0.7685, 0.7718, 0.7573], [0.8172, 0.8234, 0.8189, 0.8255, 0.8028, 0.8164, 0.8247, 0.8074, 0.8325, 0.7916, 0.8184, 0.8196, 0.8212, 0.8168, 0.8135], [0.7901, 0.8085, 0.8235, 0.8089, 0.8016, 0.8149, 0.8122, 0.8188, 0.8149, 0.8056, 0.8101, 0.8042, 0.8136, 0.7945, 0.8177]]
Results: 	[[0.5821, 0.7774, 0.7554, 0.7747, 0.7785, 0.7717, 0.773, 0.7672, 0.763, 0.7585, 0.7505, 0.7786, 0.7685, 0.7718, 0.7573, 0.7713], [0.8172, 0.8234, 0.8189, 0.8255, 0.8028, 0.8164, 0.8247, 0.8074, 0.8325, 0.7916, 0.8184, 0.8196, 0.8212, 0.8168, 0.8135, 0.8198], [0.7901, 0.8085, 0.8235, 0.8089, 0.8016, 0.8149, 0.8122, 0.8188, 0.8149, 0.8056, 0.8101, 0.8042, 0.8136, 0.7945, 0.8177, 0.8168]]
Results: 	[[0.5821, 0.7774, 0.7554, 0.7747, 0.7785, 0.7717, 0.773, 0.7672, 0.763, 0.7585, 0.7505, 0.7786, 0.7685, 0.7718, 0.7573, 0.7713, 0.7623], [0.8172, 0.8234, 0.8189, 0.8255, 0.8028, 0.8164, 0.8247, 0.8074, 0.8325, 0.7916, 0.8184, 0.8196, 0.8212, 0.8168, 0.8135, 0.8198, 0.8266], [0.7901, 0.8085, 0.8235, 0.8089, 0.8016, 0.8149, 0.8122, 0.8188, 0.8149, 0.8056, 0.8101, 0.8042, 0.8136, 0.7945, 0.8177, 0.8168, 0.7846]]
Results: 	[[0.5821, 0.7774, 0.7554, 0.7747, 0.7785, 0.7717, 0.773, 0.7672, 0.763, 0.7585, 0.7505, 0.7786, 0.7685, 0.7718, 0.7573, 0.7713, 0.7623, 0.7597], [0.8172, 0.8234, 0.8189, 0.8255, 0.8028, 0.8164, 0.8247, 0.8074, 0.8325, 0.7916, 0.8184, 0.8196, 0.8212, 0.8168, 0.8135, 0.8198, 0.8266, 0.8035], [0.7901, 0.8085, 0.8235, 0.8089, 0.8016, 0.8149, 0.8122, 0.8188, 0.8149, 0.8056, 0.8101, 0.8042, 0.8136, 0.7945, 0.8177, 0.8168, 0.7846, 0.8022]]
Results: 	[[0.5821, 0.7774, 0.7554, 0.7747, 0.7785, 0.7717, 0.773, 0.7672, 0.763, 0.7585, 0.7505, 0.7786, 0.7685, 0.7718, 0.7573, 0.7713, 0.7623, 0.7597, 0.7473], [0.8172, 0.8234, 0.8189, 0.8255, 0.8028, 0.8164, 0.8247, 0.8074, 0.8325, 0.7916, 0.8184, 0.8196, 0.8212, 0.8168, 0.8135, 0.8198, 0.8266, 0.8035, 0.7964], [0.7901, 0.8085, 0.8235, 0.8089, 0.8016, 0.8149, 0.8122, 0.8188, 0.8149, 0.8056, 0.8101, 0.8042, 0.8136, 0.7945, 0.8177, 0.8168, 0.7846, 0.8022, 0.8133]]
Results: 	[[0.5821, 0.7774, 0.7554, 0.7747, 0.7785, 0.7717, 0.773, 0.7672, 0.763, 0.7585, 0.7505, 0.7786, 0.7685, 0.7718, 0.7573, 0.7713, 0.7623, 0.7597, 0.7473, 0.7757], [0.8172, 0.8234, 0.8189, 0.8255, 0.8028, 0.8164, 0.8247, 0.8074, 0.8325, 0.7916, 0.8184, 0.8196, 0.8212, 0.8168, 0.8135, 0.8198, 0.8266, 0.8035, 0.7964, 0.7983], [0.7901, 0.8085, 0.8235, 0.8089, 0.8016, 0.8149, 0.8122, 0.8188, 0.8149, 0.8056, 0.8101, 0.8042, 0.8136, 0.7945, 0.8177, 0.8168, 0.7846, 0.8022, 0.8133, 0.8121]]
Results: 	[[0.5821, 0.7774, 0.7554, 0.7747, 0.7785, 0.7717, 0.773, 0.7672, 0.763, 0.7585, 0.7505, 0.7786, 0.7685, 0.7718, 0.7573, 0.7713, 0.7623, 0.7597, 0.7473, 0.7757, 0.7669], [0.8172, 0.8234, 0.8189, 0.8255, 0.8028, 0.8164, 0.8247, 0.8074, 0.8325, 0.7916, 0.8184, 0.8196, 0.8212, 0.8168, 0.8135, 0.8198, 0.8266, 0.8035, 0.7964, 0.7983, 0.7987], [0.7901, 0.8085, 0.8235, 0.8089, 0.8016, 0.8149, 0.8122, 0.8188, 0.8149, 0.8056, 0.8101, 0.8042, 0.8136, 0.7945, 0.8177, 0.8168, 0.7846, 0.8022, 0.8133, 0.8121, 0.8089]]
Results: 	[[0.5821, 0.7774, 0.7554, 0.7747, 0.7785, 0.7717, 0.773, 0.7672, 0.763, 0.7585, 0.7505, 0.7786, 0.7685, 0.7718, 0.7573, 0.7713, 0.7623, 0.7597, 0.7473, 0.7757, 0.7669, 0.7514], [0.8172, 0.8234, 0.8189, 0.8255, 0.8028, 0.8164, 0.8247, 0.8074, 0.8325, 0.7916, 0.8184, 0.8196, 0.8212, 0.8168, 0.8135, 0.8198, 0.8266, 0.8035, 0.7964, 0.7983, 0.7987, 0.8206], [0.7901, 0.8085, 0.8235, 0.8089, 0.8016, 0.8149, 0.8122, 0.8188, 0.8149, 0.8056, 0.8101, 0.8042, 0.8136, 0.7945, 0.8177, 0.8168, 0.7846, 0.8022, 0.8133, 0.8121, 0.8089, 0.8079]]
Results: 	[[0.5821, 0.7774, 0.7554, 0.7747, 0.7785, 0.7717, 0.773, 0.7672, 0.763, 0.7585, 0.7505, 0.7786, 0.7685, 0.7718, 0.7573, 0.7713, 0.7623, 0.7597, 0.7473, 0.7757, 0.7669, 0.7514, 0.3037], [0.8172, 0.8234, 0.8189, 0.8255, 0.8028, 0.8164, 0.8247, 0.8074, 0.8325, 0.7916, 0.8184, 0.8196, 0.8212, 0.8168, 0.8135, 0.8198, 0.8266, 0.8035, 0.7964, 0.7983, 0.7987, 0.8206, 0.8226], [0.7901, 0.8085, 0.8235, 0.8089, 0.8016, 0.8149, 0.8122, 0.8188, 0.8149, 0.8056, 0.8101, 0.8042, 0.8136, 0.7945, 0.8177, 0.8168, 0.7846, 0.8022, 0.8133, 0.8121, 0.8089, 0.8079, 0.8117]]
Results: 	[[0.5821, 0.7774, 0.7554, 0.7747, 0.7785, 0.7717, 0.773, 0.7672, 0.763, 0.7585, 0.7505, 0.7786, 0.7685, 0.7718, 0.7573, 0.7713, 0.7623, 0.7597, 0.7473, 0.7757, 0.7669, 0.7514, 0.3037, 0.7663], [0.8172, 0.8234, 0.8189, 0.8255, 0.8028, 0.8164, 0.8247, 0.8074, 0.8325, 0.7916, 0.8184, 0.8196, 0.8212, 0.8168, 0.8135, 0.8198, 0.8266, 0.8035, 0.7964, 0.7983, 0.7987, 0.8206, 0.8226, 0.7988], [0.7901, 0.8085, 0.8235, 0.8089, 0.8016, 0.8149, 0.8122, 0.8188, 0.8149, 0.8056, 0.8101, 0.8042, 0.8136, 0.7945, 0.8177, 0.8168, 0.7846, 0.8022, 0.8133, 0.8121, 0.8089, 0.8079, 0.8117, 0.8076]]
Results: 	[[0.5821, 0.7774, 0.7554, 0.7747, 0.7785, 0.7717, 0.773, 0.7672, 0.763, 0.7585, 0.7505, 0.7786, 0.7685, 0.7718, 0.7573, 0.7713, 0.7623, 0.7597, 0.7473, 0.7757, 0.7669, 0.7514, 0.3037, 0.7663, 0.7646], [0.8172, 0.8234, 0.8189, 0.8255, 0.8028, 0.8164, 0.8247, 0.8074, 0.8325, 0.7916, 0.8184, 0.8196, 0.8212, 0.8168, 0.8135, 0.8198, 0.8266, 0.8035, 0.7964, 0.7983, 0.7987, 0.8206, 0.8226, 0.7988, 0.7876], [0.7901, 0.8085, 0.8235, 0.8089, 0.8016, 0.8149, 0.8122, 0.8188, 0.8149, 0.8056, 0.8101, 0.8042, 0.8136, 0.7945, 0.8177, 0.8168, 0.7846, 0.8022, 0.8133, 0.8121, 0.8089, 0.8079, 0.8117, 0.8076, 0.796]]
Results: 	[[0.5821, 0.7774, 0.7554, 0.7747, 0.7785, 0.7717, 0.773, 0.7672, 0.763, 0.7585, 0.7505, 0.7786, 0.7685, 0.7718, 0.7573, 0.7713, 0.7623, 0.7597, 0.7473, 0.7757, 0.7669, 0.7514, 0.3037, 0.7663, 0.7646, 0.7502], [0.8172, 0.8234, 0.8189, 0.8255, 0.8028, 0.8164, 0.8247, 0.8074, 0.8325, 0.7916, 0.8184, 0.8196, 0.8212, 0.8168, 0.8135, 0.8198, 0.8266, 0.8035, 0.7964, 0.7983, 0.7987, 0.8206, 0.8226, 0.7988, 0.7876, 0.8181], [0.7901, 0.8085, 0.8235, 0.8089, 0.8016, 0.8149, 0.8122, 0.8188, 0.8149, 0.8056, 0.8101, 0.8042, 0.8136, 0.7945, 0.8177, 0.8168, 0.7846, 0.8022, 0.8133, 0.8121, 0.8089, 0.8079, 0.8117, 0.8076, 0.796, 0.8082]]
Results: 	[[0.5821, 0.7774, 0.7554, 0.7747, 0.7785, 0.7717, 0.773, 0.7672, 0.763, 0.7585, 0.7505, 0.7786, 0.7685, 0.7718, 0.7573, 0.7713, 0.7623, 0.7597, 0.7473, 0.7757, 0.7669, 0.7514, 0.3037, 0.7663, 0.7646, 0.7502, 0.7524], [0.8172, 0.8234, 0.8189, 0.8255, 0.8028, 0.8164, 0.8247, 0.8074, 0.8325, 0.7916, 0.8184, 0.8196, 0.8212, 0.8168, 0.8135, 0.8198, 0.8266, 0.8035, 0.7964, 0.7983, 0.7987, 0.8206, 0.8226, 0.7988, 0.7876, 0.8181, 0.8102], [0.7901, 0.8085, 0.8235, 0.8089, 0.8016, 0.8149, 0.8122, 0.8188, 0.8149, 0.8056, 0.8101, 0.8042, 0.8136, 0.7945, 0.8177, 0.8168, 0.7846, 0.8022, 0.8133, 0.8121, 0.8089, 0.8079, 0.8117, 0.8076, 0.796, 0.8082, 0.7927]]
Results: 	[[0.5821, 0.7774, 0.7554, 0.7747, 0.7785, 0.7717, 0.773, 0.7672, 0.763, 0.7585, 0.7505, 0.7786, 0.7685, 0.7718, 0.7573, 0.7713, 0.7623, 0.7597, 0.7473, 0.7757, 0.7669, 0.7514, 0.3037, 0.7663, 0.7646, 0.7502, 0.7524, 0.7699], [0.8172, 0.8234, 0.8189, 0.8255, 0.8028, 0.8164, 0.8247, 0.8074, 0.8325, 0.7916, 0.8184, 0.8196, 0.8212, 0.8168, 0.8135, 0.8198, 0.8266, 0.8035, 0.7964, 0.7983, 0.7987, 0.8206, 0.8226, 0.7988, 0.7876, 0.8181, 0.8102, 0.817], [0.7901, 0.8085, 0.8235, 0.8089, 0.8016, 0.8149, 0.8122, 0.8188, 0.8149, 0.8056, 0.8101, 0.8042, 0.8136, 0.7945, 0.8177, 0.8168, 0.7846, 0.8022, 0.8133, 0.8121, 0.8089, 0.8079, 0.8117, 0.8076, 0.796, 0.8082, 0.7927, 0.7912]]
Results: 	[[0.5821, 0.7774, 0.7554, 0.7747, 0.7785, 0.7717, 0.773, 0.7672, 0.763, 0.7585, 0.7505, 0.7786, 0.7685, 0.7718, 0.7573, 0.7713, 0.7623, 0.7597, 0.7473, 0.7757, 0.7669, 0.7514, 0.3037, 0.7663, 0.7646, 0.7502, 0.7524, 0.7699, 0.765], [0.8172, 0.8234, 0.8189, 0.8255, 0.8028, 0.8164, 0.8247, 0.8074, 0.8325, 0.7916, 0.8184, 0.8196, 0.8212, 0.8168, 0.8135, 0.8198, 0.8266, 0.8035, 0.7964, 0.7983, 0.7987, 0.8206, 0.8226, 0.7988, 0.7876, 0.8181, 0.8102, 0.817, 0.7941], [0.7901, 0.8085, 0.8235, 0.8089, 0.8016, 0.8149, 0.8122, 0.8188, 0.8149, 0.8056, 0.8101, 0.8042, 0.8136, 0.7945, 0.8177, 0.8168, 0.7846, 0.8022, 0.8133, 0.8121, 0.8089, 0.8079, 0.8117, 0.8076, 0.796, 0.8082, 0.7927, 0.7912, 0.802]]
Results: 	[[0.5821, 0.7774, 0.7554, 0.7747, 0.7785, 0.7717, 0.773, 0.7672, 0.763, 0.7585, 0.7505, 0.7786, 0.7685, 0.7718, 0.7573, 0.7713, 0.7623, 0.7597, 0.7473, 0.7757, 0.7669, 0.7514, 0.3037, 0.7663, 0.7646, 0.7502, 0.7524, 0.7699, 0.765, 0.7742], [0.8172, 0.8234, 0.8189, 0.8255, 0.8028, 0.8164, 0.8247, 0.8074, 0.8325, 0.7916, 0.8184, 0.8196, 0.8212, 0.8168, 0.8135, 0.8198, 0.8266, 0.8035, 0.7964, 0.7983, 0.7987, 0.8206, 0.8226, 0.7988, 0.7876, 0.8181, 0.8102, 0.817, 0.7941, 0.8134], [0.7901, 0.8085, 0.8235, 0.8089, 0.8016, 0.8149, 0.8122, 0.8188, 0.8149, 0.8056, 0.8101, 0.8042, 0.8136, 0.7945, 0.8177, 0.8168, 0.7846, 0.8022, 0.8133, 0.8121, 0.8089, 0.8079, 0.8117, 0.8076, 0.796, 0.8082, 0.7927, 0.7912, 0.802, 0.7969]]

------------------------------------------------------------
Task                                          Acc       F1    AUROC  (mean ± std)
------------------------------------------------------------
SR-HSE                                   0.7750±0.1073  0.2428±0.0448  0.7436±0.0885
SR-MMP                                   0.7957±0.0254  0.5093±0.0212  0.8125±0.0116
SR-p53                                   0.8167±0.0445  0.3074±0.0291  0.8064±0.0094

OVERALL AVERAGE                          0.7958±0.0170  0.3532±0.1135  0.7875±0.0311
------------------------------------------------------------
