
============================================================
Tasks: ['Renal and urinary disorders', 'Pregnancy, puerperium and perinatal conditions', 'Ear and labyrinth disorders', 'Cardiac disorders', 'Nervous system disorders', 'Injury, poisoning and procedural complications']
K_shot=5, episodes=30
============================================================
Results: 	[[0.8228], [0.7505], [0.8072], [0.8152], [0.8984], [0.7266]]
Results: 	[[0.8228, 0.8279], [0.7505, 0.8086], [0.8072, 0.773], [0.8152, 0.7952], [0.8984, 0.8809], [0.7266, 0.7748]]
Results: 	[[0.8228, 0.8279, 0.8249], [0.7505, 0.8086, 0.7847], [0.8072, 0.773, 0.8004], [0.8152, 0.7952, 0.7964], [0.8984, 0.8809, 0.8804], [0.7266, 0.7748, 0.7656]]
Results: 	[[0.8228, 0.8279, 0.8249, 0.8217], [0.7505, 0.8086, 0.7847, 0.7811], [0.8072, 0.773, 0.8004, 0.7977], [0.8152, 0.7952, 0.7964, 0.787], [0.8984, 0.8809, 0.8804, 0.894], [0.7266, 0.7748, 0.7656, 0.7706]]
Results: 	[[0.8228, 0.8279, 0.8249, 0.8217, 0.8424], [0.7505, 0.8086, 0.7847, 0.7811, 0.812], [0.8072, 0.773, 0.8004, 0.7977, 0.6675], [0.8152, 0.7952, 0.7964, 0.787, 0.7872], [0.8984, 0.8809, 0.8804, 0.894, 0.883], [0.7266, 0.7748, 0.7656, 0.7706, 0.7894]]
Results: 	[[0.8228, 0.8279, 0.8249, 0.8217, 0.8424, 0.8398], [0.7505, 0.8086, 0.7847, 0.7811, 0.812, 0.7672], [0.8072, 0.773, 0.8004, 0.7977, 0.6675, 0.8135], [0.8152, 0.7952, 0.7964, 0.787, 0.7872, 0.7846], [0.8984, 0.8809, 0.8804, 0.894, 0.883, 0.8613], [0.7266, 0.7748, 0.7656, 0.7706, 0.7894, 0.6684]]
Results: 	[[0.8228, 0.8279, 0.8249, 0.8217, 0.8424, 0.8398, 0.8362], [0.7505, 0.8086, 0.7847, 0.7811, 0.812, 0.7672, 0.7734], [0.8072, 0.773, 0.8004, 0.7977, 0.6675, 0.8135, 0.7964], [0.8152, 0.7952, 0.7964, 0.787, 0.7872, 0.7846, 0.8067], [0.8984, 0.8809, 0.8804, 0.894, 0.883, 0.8613, 0.861], [0.7266, 0.7748, 0.7656, 0.7706, 0.7894, 0.6684, 0.7947]]
Results: 	[[0.8228, 0.8279, 0.8249, 0.8217, 0.8424, 0.8398, 0.8362, 0.8451], [0.7505, 0.8086, 0.7847, 0.7811, 0.812, 0.7672, 0.7734, 0.4209], [0.8072, 0.773, 0.8004, 0.7977, 0.6675, 0.8135, 0.7964, 0.8036], [0.8152, 0.7952, 0.7964, 0.787, 0.7872, 0.7846, 0.8067, 0.7924], [0.8984, 0.8809, 0.8804, 0.894, 0.883, 0.8613, 0.861, 0.883], [0.7266, 0.7748, 0.7656, 0.7706, 0.7894, 0.6684, 0.7947, 0.8048]]
Results: 	[[0.8228, 0.8279, 0.8249, 0.8217, 0.8424, 0.8398, 0.8362, 0.8451, 0.8352], [0.7505, 0.8086, 0.7847, 0.7811, 0.812, 0.7672, 0.7734, 0.4209, 0.7892], [0.8072, 0.773, 0.8004, 0.7977, 0.6675, 0.8135, 0.7964, 0.8036, 0.7806], [0.8152, 0.7952, 0.7964, 0.787, 0.7872, 0.7846, 0.8067, 0.7924, 0.8309], [0.8984, 0.8809, 0.8804, 0.894, 0.883, 0.8613, 0.861, 0.883, 0.8874], [0.7266, 0.7748, 0.7656, 0.7706, 0.7894, 0.6684, 0.7947, 0.8048, 0.7907]]
Results: 	[[0.8228, 0.8279, 0.8249, 0.8217, 0.8424, 0.8398, 0.8362, 0.8451, 0.8352, 0.8263], [0.7505, 0.8086, 0.7847, 0.7811, 0.812, 0.7672, 0.7734, 0.4209, 0.7892, 0.7723], [0.8072, 0.773, 0.8004, 0.7977, 0.6675, 0.8135, 0.7964, 0.8036, 0.7806, 0.7978], [0.8152, 0.7952, 0.7964, 0.787, 0.7872, 0.7846, 0.8067, 0.7924, 0.8309, 0.8074], [0.8984, 0.8809, 0.8804, 0.894, 0.883, 0.8613, 0.861, 0.883, 0.8874, 0.8915], [0.7266, 0.7748, 0.7656, 0.7706, 0.7894, 0.6684, 0.7947, 0.8048, 0.7907, 0.7999]]
Results: 	[[0.8228, 0.8279, 0.8249, 0.8217, 0.8424, 0.8398, 0.8362, 0.8451, 0.8352, 0.8263, 0.8382], [0.7505, 0.8086, 0.7847, 0.7811, 0.812, 0.7672, 0.7734, 0.4209, 0.7892, 0.7723, 0.6857], [0.8072, 0.773, 0.8004, 0.7977, 0.6675, 0.8135, 0.7964, 0.8036, 0.7806, 0.7978, 0.4515], [0.8152, 0.7952, 0.7964, 0.787, 0.7872, 0.7846, 0.8067, 0.7924, 0.8309, 0.8074, 0.8095], [0.8984, 0.8809, 0.8804, 0.894, 0.883, 0.8613, 0.861, 0.883, 0.8874, 0.8915, 0.8976], [0.7266, 0.7748, 0.7656, 0.7706, 0.7894, 0.6684, 0.7947, 0.8048, 0.7907, 0.7999, 0.8022]]
Results: 	[[0.8228, 0.8279, 0.8249, 0.8217, 0.8424, 0.8398, 0.8362, 0.8451, 0.8352, 0.8263, 0.8382, 0.828], [0.7505, 0.8086, 0.7847, 0.7811, 0.812, 0.7672, 0.7734, 0.4209, 0.7892, 0.7723, 0.6857, 0.7857], [0.8072, 0.773, 0.8004, 0.7977, 0.6675, 0.8135, 0.7964, 0.8036, 0.7806, 0.7978, 0.4515, 0.793], [0.8152, 0.7952, 0.7964, 0.787, 0.7872, 0.7846, 0.8067, 0.7924, 0.8309, 0.8074, 0.8095, 0.7731], [0.8984, 0.8809, 0.8804, 0.894, 0.883, 0.8613, 0.861, 0.883, 0.8874, 0.8915, 0.8976, 0.8782], [0.7266, 0.7748, 0.7656, 0.7706, 0.7894, 0.6684, 0.7947, 0.8048, 0.7907, 0.7999, 0.8022, 0.79]]
Results: 	[[0.8228, 0.8279, 0.8249, 0.8217, 0.8424, 0.8398, 0.8362, 0.8451, 0.8352, 0.8263, 0.8382, 0.828, 0.8366], [0.7505, 0.8086, 0.7847, 0.7811, 0.812, 0.7672, 0.7734, 0.4209, 0.7892, 0.7723, 0.6857, 0.7857, 0.7562], [0.8072, 0.773, 0.8004, 0.7977, 0.6675, 0.8135, 0.7964, 0.8036, 0.7806, 0.7978, 0.4515, 0.793, 0.809], [0.8152, 0.7952, 0.7964, 0.787, 0.7872, 0.7846, 0.8067, 0.7924, 0.8309, 0.8074, 0.8095, 0.7731, 0.804], [0.8984, 0.8809, 0.8804, 0.894, 0.883, 0.8613, 0.861, 0.883, 0.8874, 0.8915, 0.8976, 0.8782, 0.8602], [0.7266, 0.7748, 0.7656, 0.7706, 0.7894, 0.6684, 0.7947, 0.8048, 0.7907, 0.7999, 0.8022, 0.79, 0.803]]
Results: 	[[0.8228, 0.8279, 0.8249, 0.8217, 0.8424, 0.8398, 0.8362, 0.8451, 0.8352, 0.8263, 0.8382, 0.828, 0.8366, 0.8397], [0.7505, 0.8086, 0.7847, 0.7811, 0.812, 0.7672, 0.7734, 0.4209, 0.7892, 0.7723, 0.6857, 0.7857, 0.7562, 0.8138], [0.8072, 0.773, 0.8004, 0.7977, 0.6675, 0.8135, 0.7964, 0.8036, 0.7806, 0.7978, 0.4515, 0.793, 0.809, 0.8105], [0.8152, 0.7952, 0.7964, 0.787, 0.7872, 0.7846, 0.8067, 0.7924, 0.8309, 0.8074, 0.8095, 0.7731, 0.804, 0.801], [0.8984, 0.8809, 0.8804, 0.894, 0.883, 0.8613, 0.861, 0.883, 0.8874, 0.8915, 0.8976, 0.8782, 0.8602, 0.8494], [0.7266, 0.7748, 0.7656, 0.7706, 0.7894, 0.6684, 0.7947, 0.8048, 0.7907, 0.7999, 0.8022, 0.79, 0.803, 0.7846]]
Results: 	[[0.8228, 0.8279, 0.8249, 0.8217, 0.8424, 0.8398, 0.8362, 0.8451, 0.8352, 0.8263, 0.8382, 0.828, 0.8366, 0.8397, 0.8359], [0.7505, 0.8086, 0.7847, 0.7811, 0.812, 0.7672, 0.7734, 0.4209, 0.7892, 0.7723, 0.6857, 0.7857, 0.7562, 0.8138, 0.7614], [0.8072, 0.773, 0.8004, 0.7977, 0.6675, 0.8135, 0.7964, 0.8036, 0.7806, 0.7978, 0.4515, 0.793, 0.809, 0.8105, 0.8096], [0.8152, 0.7952, 0.7964, 0.787, 0.7872, 0.7846, 0.8067, 0.7924, 0.8309, 0.8074, 0.8095, 0.7731, 0.804, 0.801, 0.8223], [0.8984, 0.8809, 0.8804, 0.894, 0.883, 0.8613, 0.861, 0.883, 0.8874, 0.8915, 0.8976, 0.8782, 0.8602, 0.8494, 0.8819], [0.7266, 0.7748, 0.7656, 0.7706, 0.7894, 0.6684, 0.7947, 0.8048, 0.7907, 0.7999, 0.8022, 0.79, 0.803, 0.7846, 0.7762]]
Results: 	[[0.8228, 0.8279, 0.8249, 0.8217, 0.8424, 0.8398, 0.8362, 0.8451, 0.8352, 0.8263, 0.8382, 0.828, 0.8366, 0.8397, 0.8359, 0.8068], [0.7505, 0.8086, 0.7847, 0.7811, 0.812, 0.7672, 0.7734, 0.4209, 0.7892, 0.7723, 0.6857, 0.7857, 0.7562, 0.8138, 0.7614, 0.7923], [0.8072, 0.773, 0.8004, 0.7977, 0.6675, 0.8135, 0.7964, 0.8036, 0.7806, 0.7978, 0.4515, 0.793, 0.809, 0.8105, 0.8096, 0.8144], [0.8152, 0.7952, 0.7964, 0.787, 0.7872, 0.7846, 0.8067, 0.7924, 0.8309, 0.8074, 0.8095, 0.7731, 0.804, 0.801, 0.8223, 0.7841], [0.8984, 0.8809, 0.8804, 0.894, 0.883, 0.8613, 0.861, 0.883, 0.8874, 0.8915, 0.8976, 0.8782, 0.8602, 0.8494, 0.8819, 0.8959], [0.7266, 0.7748, 0.7656, 0.7706, 0.7894, 0.6684, 0.7947, 0.8048, 0.7907, 0.7999, 0.8022, 0.79, 0.803, 0.7846, 0.7762, 0.7755]]
Results: 	[[0.8228, 0.8279, 0.8249, 0.8217, 0.8424, 0.8398, 0.8362, 0.8451, 0.8352, 0.8263, 0.8382, 0.828, 0.8366, 0.8397, 0.8359, 0.8068, 0.8348], [0.7505, 0.8086, 0.7847, 0.7811, 0.812, 0.7672, 0.7734, 0.4209, 0.7892, 0.7723, 0.6857, 0.7857, 0.7562, 0.8138, 0.7614, 0.7923, 0.7863], [0.8072, 0.773, 0.8004, 0.7977, 0.6675, 0.8135, 0.7964, 0.8036, 0.7806, 0.7978, 0.4515, 0.793, 0.809, 0.8105, 0.8096, 0.8144, 0.8013], [0.8152, 0.7952, 0.7964, 0.787, 0.7872, 0.7846, 0.8067, 0.7924, 0.8309, 0.8074, 0.8095, 0.7731, 0.804, 0.801, 0.8223, 0.7841, 0.5779], [0.8984, 0.8809, 0.8804, 0.894, 0.883, 0.8613, 0.861, 0.883, 0.8874, 0.8915, 0.8976, 0.8782, 0.8602, 0.8494, 0.8819, 0.8959, 0.8815], [0.7266, 0.7748, 0.7656, 0.7706, 0.7894, 0.6684, 0.7947, 0.8048, 0.7907, 0.7999, 0.8022, 0.79, 0.803, 0.7846, 0.7762, 0.7755, 0.7721]]
Results: 	[[0.8228, 0.8279, 0.8249, 0.8217, 0.8424, 0.8398, 0.8362, 0.8451, 0.8352, 0.8263, 0.8382, 0.828, 0.8366, 0.8397, 0.8359, 0.8068, 0.8348, 0.8249], [0.7505, 0.8086, 0.7847, 0.7811, 0.812, 0.7672, 0.7734, 0.4209, 0.7892, 0.7723, 0.6857, 0.7857, 0.7562, 0.8138, 0.7614, 0.7923, 0.7863, 0.7356], [0.8072, 0.773, 0.8004, 0.7977, 0.6675, 0.8135, 0.7964, 0.8036, 0.7806, 0.7978, 0.4515, 0.793, 0.809, 0.8105, 0.8096, 0.8144, 0.8013, 0.8053], [0.8152, 0.7952, 0.7964, 0.787, 0.7872, 0.7846, 0.8067, 0.7924, 0.8309, 0.8074, 0.8095, 0.7731, 0.804, 0.801, 0.8223, 0.7841, 0.5779, 0.8118], [0.8984, 0.8809, 0.8804, 0.894, 0.883, 0.8613, 0.861, 0.883, 0.8874, 0.8915, 0.8976, 0.8782, 0.8602, 0.8494, 0.8819, 0.8959, 0.8815, 0.8896], [0.7266, 0.7748, 0.7656, 0.7706, 0.7894, 0.6684, 0.7947, 0.8048, 0.7907, 0.7999, 0.8022, 0.79, 0.803, 0.7846, 0.7762, 0.7755, 0.7721, 0.7968]]
Results: 	[[0.8228, 0.8279, 0.8249, 0.8217, 0.8424, 0.8398, 0.8362, 0.8451, 0.8352, 0.8263, 0.8382, 0.828, 0.8366, 0.8397, 0.8359, 0.8068, 0.8348, 0.8249, 0.8353], [0.7505, 0.8086, 0.7847, 0.7811, 0.812, 0.7672, 0.7734, 0.4209, 0.7892, 0.7723, 0.6857, 0.7857, 0.7562, 0.8138, 0.7614, 0.7923, 0.7863, 0.7356, 0.815], [0.8072, 0.773, 0.8004, 0.7977, 0.6675, 0.8135, 0.7964, 0.8036, 0.7806, 0.7978, 0.4515, 0.793, 0.809, 0.8105, 0.8096, 0.8144, 0.8013, 0.8053, 0.8087], [0.8152, 0.7952, 0.7964, 0.787, 0.7872, 0.7846, 0.8067, 0.7924, 0.8309, 0.8074, 0.8095, 0.7731, 0.804, 0.801, 0.8223, 0.7841, 0.5779, 0.8118, 0.7838], [0.8984, 0.8809, 0.8804, 0.894, 0.883, 0.8613, 0.861, 0.883, 0.8874, 0.8915, 0.8976, 0.8782, 0.8602, 0.8494, 0.8819, 0.8959, 0.8815, 0.8896, 0.861], [0.7266, 0.7748, 0.7656, 0.7706, 0.7894, 0.6684, 0.7947, 0.8048, 0.7907, 0.7999, 0.8022, 0.79, 0.803, 0.7846, 0.7762, 0.7755, 0.7721, 0.7968, 0.8029]]
Results: 	[[0.8228, 0.8279, 0.8249, 0.8217, 0.8424, 0.8398, 0.8362, 0.8451, 0.8352, 0.8263, 0.8382, 0.828, 0.8366, 0.8397, 0.8359, 0.8068, 0.8348, 0.8249, 0.8353, 0.7926], [0.7505, 0.8086, 0.7847, 0.7811, 0.812, 0.7672, 0.7734, 0.4209, 0.7892, 0.7723, 0.6857, 0.7857, 0.7562, 0.8138, 0.7614, 0.7923, 0.7863, 0.7356, 0.815, 0.7847], [0.8072, 0.773, 0.8004, 0.7977, 0.6675, 0.8135, 0.7964, 0.8036, 0.7806, 0.7978, 0.4515, 0.793, 0.809, 0.8105, 0.8096, 0.8144, 0.8013, 0.8053, 0.8087, 0.8051], [0.8152, 0.7952, 0.7964, 0.787, 0.7872, 0.7846, 0.8067, 0.7924, 0.8309, 0.8074, 0.8095, 0.7731, 0.804, 0.801, 0.8223, 0.7841, 0.5779, 0.8118, 0.7838, 0.7971], [0.8984, 0.8809, 0.8804, 0.894, 0.883, 0.8613, 0.861, 0.883, 0.8874, 0.8915, 0.8976, 0.8782, 0.8602, 0.8494, 0.8819, 0.8959, 0.8815, 0.8896, 0.861, 0.902], [0.7266, 0.7748, 0.7656, 0.7706, 0.7894, 0.6684, 0.7947, 0.8048, 0.7907, 0.7999, 0.8022, 0.79, 0.803, 0.7846, 0.7762, 0.7755, 0.7721, 0.7968, 0.8029, 0.807]]
Results: 	[[0.8228, 0.8279, 0.8249, 0.8217, 0.8424, 0.8398, 0.8362, 0.8451, 0.8352, 0.8263, 0.8382, 0.828, 0.8366, 0.8397, 0.8359, 0.8068, 0.8348, 0.8249, 0.8353, 0.7926, 0.8427], [0.7505, 0.8086, 0.7847, 0.7811, 0.812, 0.7672, 0.7734, 0.4209, 0.7892, 0.7723, 0.6857, 0.7857, 0.7562, 0.8138, 0.7614, 0.7923, 0.7863, 0.7356, 0.815, 0.7847, 0.7741], [0.8072, 0.773, 0.8004, 0.7977, 0.6675, 0.8135, 0.7964, 0.8036, 0.7806, 0.7978, 0.4515, 0.793, 0.809, 0.8105, 0.8096, 0.8144, 0.8013, 0.8053, 0.8087, 0.8051, 0.8096], [0.8152, 0.7952, 0.7964, 0.787, 0.7872, 0.7846, 0.8067, 0.7924, 0.8309, 0.8074, 0.8095, 0.7731, 0.804, 0.801, 0.8223, 0.7841, 0.5779, 0.8118, 0.7838, 0.7971, 0.4967], [0.8984, 0.8809, 0.8804, 0.894, 0.883, 0.8613, 0.861, 0.883, 0.8874, 0.8915, 0.8976, 0.8782, 0.8602, 0.8494, 0.8819, 0.8959, 0.8815, 0.8896, 0.861, 0.902, 0.8629], [0.7266, 0.7748, 0.7656, 0.7706, 0.7894, 0.6684, 0.7947, 0.8048, 0.7907, 0.7999, 0.8022, 0.79, 0.803, 0.7846, 0.7762, 0.7755, 0.7721, 0.7968, 0.8029, 0.807, 0.6665]]
Results: 	[[0.8228, 0.8279, 0.8249, 0.8217, 0.8424, 0.8398, 0.8362, 0.8451, 0.8352, 0.8263, 0.8382, 0.828, 0.8366, 0.8397, 0.8359, 0.8068, 0.8348, 0.8249, 0.8353, 0.7926, 0.8427, 0.8368], [0.7505, 0.8086, 0.7847, 0.7811, 0.812, 0.7672, 0.7734, 0.4209, 0.7892, 0.7723, 0.6857, 0.7857, 0.7562, 0.8138, 0.7614, 0.7923, 0.7863, 0.7356, 0.815, 0.7847, 0.7741, 0.793], [0.8072, 0.773, 0.8004, 0.7977, 0.6675, 0.8135, 0.7964, 0.8036, 0.7806, 0.7978, 0.4515, 0.793, 0.809, 0.8105, 0.8096, 0.8144, 0.8013, 0.8053, 0.8087, 0.8051, 0.8096, 0.6855], [0.8152, 0.7952, 0.7964, 0.787, 0.7872, 0.7846, 0.8067, 0.7924, 0.8309, 0.8074, 0.8095, 0.7731, 0.804, 0.801, 0.8223, 0.7841, 0.5779, 0.8118, 0.7838, 0.7971, 0.4967, 0.7476], [0.8984, 0.8809, 0.8804, 0.894, 0.883, 0.8613, 0.861, 0.883, 0.8874, 0.8915, 0.8976, 0.8782, 0.8602, 0.8494, 0.8819, 0.8959, 0.8815, 0.8896, 0.861, 0.902, 0.8629, 0.8865], [0.7266, 0.7748, 0.7656, 0.7706, 0.7894, 0.6684, 0.7947, 0.8048, 0.7907, 0.7999, 0.8022, 0.79, 0.803, 0.7846, 0.7762, 0.7755, 0.7721, 0.7968, 0.8029, 0.807, 0.6665, 0.7867]]
Results: 	[[0.8228, 0.8279, 0.8249, 0.8217, 0.8424, 0.8398, 0.8362, 0.8451, 0.8352, 0.8263, 0.8382, 0.828, 0.8366, 0.8397, 0.8359, 0.8068, 0.8348, 0.8249, 0.8353, 0.7926, 0.8427, 0.8368, 0.8455], [0.7505, 0.8086, 0.7847, 0.7811, 0.812, 0.7672, 0.7734, 0.4209, 0.7892, 0.7723, 0.6857, 0.7857, 0.7562, 0.8138, 0.7614, 0.7923, 0.7863, 0.7356, 0.815, 0.7847, 0.7741, 0.793, 0.8046], [0.8072, 0.773, 0.8004, 0.7977, 0.6675, 0.8135, 0.7964, 0.8036, 0.7806, 0.7978, 0.4515, 0.793, 0.809, 0.8105, 0.8096, 0.8144, 0.8013, 0.8053, 0.8087, 0.8051, 0.8096, 0.6855, 0.7969], [0.8152, 0.7952, 0.7964, 0.787, 0.7872, 0.7846, 0.8067, 0.7924, 0.8309, 0.8074, 0.8095, 0.7731, 0.804, 0.801, 0.8223, 0.7841, 0.5779, 0.8118, 0.7838, 0.7971, 0.4967, 0.7476, 0.8007], [0.8984, 0.8809, 0.8804, 0.894, 0.883, 0.8613, 0.861, 0.883, 0.8874, 0.8915, 0.8976, 0.8782, 0.8602, 0.8494, 0.8819, 0.8959, 0.8815, 0.8896, 0.861, 0.902, 0.8629, 0.8865, 0.8815], [0.7266, 0.7748, 0.7656, 0.7706, 0.7894, 0.6684, 0.7947, 0.8048, 0.7907, 0.7999, 0.8022, 0.79, 0.803, 0.7846, 0.7762, 0.7755, 0.7721, 0.7968, 0.8029, 0.807, 0.6665, 0.7867, 0.7812]]
Results: 	[[0.8228, 0.8279, 0.8249, 0.8217, 0.8424, 0.8398, 0.8362, 0.8451, 0.8352, 0.8263, 0.8382, 0.828, 0.8366, 0.8397, 0.8359, 0.8068, 0.8348, 0.8249, 0.8353, 0.7926, 0.8427, 0.8368, 0.8455, 0.8401], [0.7505, 0.8086, 0.7847, 0.7811, 0.812, 0.7672, 0.7734, 0.4209, 0.7892, 0.7723, 0.6857, 0.7857, 0.7562, 0.8138, 0.7614, 0.7923, 0.7863, 0.7356, 0.815, 0.7847, 0.7741, 0.793, 0.8046, 0.8168], [0.8072, 0.773, 0.8004, 0.7977, 0.6675, 0.8135, 0.7964, 0.8036, 0.7806, 0.7978, 0.4515, 0.793, 0.809, 0.8105, 0.8096, 0.8144, 0.8013, 0.8053, 0.8087, 0.8051, 0.8096, 0.6855, 0.7969, 0.8135], [0.8152, 0.7952, 0.7964, 0.787, 0.7872, 0.7846, 0.8067, 0.7924, 0.8309, 0.8074, 0.8095, 0.7731, 0.804, 0.801, 0.8223, 0.7841, 0.5779, 0.8118, 0.7838, 0.7971, 0.4967, 0.7476, 0.8007, 0.7914], [0.8984, 0.8809, 0.8804, 0.894, 0.883, 0.8613, 0.861, 0.883, 0.8874, 0.8915, 0.8976, 0.8782, 0.8602, 0.8494, 0.8819, 0.8959, 0.8815, 0.8896, 0.861, 0.902, 0.8629, 0.8865, 0.8815, 0.868], [0.7266, 0.7748, 0.7656, 0.7706, 0.7894, 0.6684, 0.7947, 0.8048, 0.7907, 0.7999, 0.8022, 0.79, 0.803, 0.7846, 0.7762, 0.7755, 0.7721, 0.7968, 0.8029, 0.807, 0.6665, 0.7867, 0.7812, 0.8078]]
Results: 	[[0.8228, 0.8279, 0.8249, 0.8217, 0.8424, 0.8398, 0.8362, 0.8451, 0.8352, 0.8263, 0.8382, 0.828, 0.8366, 0.8397, 0.8359, 0.8068, 0.8348, 0.8249, 0.8353, 0.7926, 0.8427, 0.8368, 0.8455, 0.8401, 0.7258], [0.7505, 0.8086, 0.7847, 0.7811, 0.812, 0.7672, 0.7734, 0.4209, 0.7892, 0.7723, 0.6857, 0.7857, 0.7562, 0.8138, 0.7614, 0.7923, 0.7863, 0.7356, 0.815, 0.7847, 0.7741, 0.793, 0.8046, 0.8168, 0.7952], [0.8072, 0.773, 0.8004, 0.7977, 0.6675, 0.8135, 0.7964, 0.8036, 0.7806, 0.7978, 0.4515, 0.793, 0.809, 0.8105, 0.8096, 0.8144, 0.8013, 0.8053, 0.8087, 0.8051, 0.8096, 0.6855, 0.7969, 0.8135, 0.7952], [0.8152, 0.7952, 0.7964, 0.787, 0.7872, 0.7846, 0.8067, 0.7924, 0.8309, 0.8074, 0.8095, 0.7731, 0.804, 0.801, 0.8223, 0.7841, 0.5779, 0.8118, 0.7838, 0.7971, 0.4967, 0.7476, 0.8007, 0.7914, 0.7875], [0.8984, 0.8809, 0.8804, 0.894, 0.883, 0.8613, 0.861, 0.883, 0.8874, 0.8915, 0.8976, 0.8782, 0.8602, 0.8494, 0.8819, 0.8959, 0.8815, 0.8896, 0.861, 0.902, 0.8629, 0.8865, 0.8815, 0.868, 0.8605], [0.7266, 0.7748, 0.7656, 0.7706, 0.7894, 0.6684, 0.7947, 0.8048, 0.7907, 0.7999, 0.8022, 0.79, 0.803, 0.7846, 0.7762, 0.7755, 0.7721, 0.7968, 0.8029, 0.807, 0.6665, 0.7867, 0.7812, 0.8078, 0.805]]
Results: 	[[0.8228, 0.8279, 0.8249, 0.8217, 0.8424, 0.8398, 0.8362, 0.8451, 0.8352, 0.8263, 0.8382, 0.828, 0.8366, 0.8397, 0.8359, 0.8068, 0.8348, 0.8249, 0.8353, 0.7926, 0.8427, 0.8368, 0.8455, 0.8401, 0.7258, 0.8006], [0.7505, 0.8086, 0.7847, 0.7811, 0.812, 0.7672, 0.7734, 0.4209, 0.7892, 0.7723, 0.6857, 0.7857, 0.7562, 0.8138, 0.7614, 0.7923, 0.7863, 0.7356, 0.815, 0.7847, 0.7741, 0.793, 0.8046, 0.8168, 0.7952, 0.7453], [0.8072, 0.773, 0.8004, 0.7977, 0.6675, 0.8135, 0.7964, 0.8036, 0.7806, 0.7978, 0.4515, 0.793, 0.809, 0.8105, 0.8096, 0.8144, 0.8013, 0.8053, 0.8087, 0.8051, 0.8096, 0.6855, 0.7969, 0.8135, 0.7952, 0.6612], [0.8152, 0.7952, 0.7964, 0.787, 0.7872, 0.7846, 0.8067, 0.7924, 0.8309, 0.8074, 0.8095, 0.7731, 0.804, 0.801, 0.8223, 0.7841, 0.5779, 0.8118, 0.7838, 0.7971, 0.4967, 0.7476, 0.8007, 0.7914, 0.7875, 0.8317], [0.8984, 0.8809, 0.8804, 0.894, 0.883, 0.8613, 0.861, 0.883, 0.8874, 0.8915, 0.8976, 0.8782, 0.8602, 0.8494, 0.8819, 0.8959, 0.8815, 0.8896, 0.861, 0.902, 0.8629, 0.8865, 0.8815, 0.868, 0.8605, 0.8771], [0.7266, 0.7748, 0.7656, 0.7706, 0.7894, 0.6684, 0.7947, 0.8048, 0.7907, 0.7999, 0.8022, 0.79, 0.803, 0.7846, 0.7762, 0.7755, 0.7721, 0.7968, 0.8029, 0.807, 0.6665, 0.7867, 0.7812, 0.8078, 0.805, 0.7986]]
Results: 	[[0.8228, 0.8279, 0.8249, 0.8217, 0.8424, 0.8398, 0.8362, 0.8451, 0.8352, 0.8263, 0.8382, 0.828, 0.8366, 0.8397, 0.8359, 0.8068, 0.8348, 0.8249, 0.8353, 0.7926, 0.8427, 0.8368, 0.8455, 0.8401, 0.7258, 0.8006, 0.8316], [0.7505, 0.8086, 0.7847, 0.7811, 0.812, 0.7672, 0.7734, 0.4209, 0.7892, 0.7723, 0.6857, 0.7857, 0.7562, 0.8138, 0.7614, 0.7923, 0.7863, 0.7356, 0.815, 0.7847, 0.7741, 0.793, 0.8046, 0.8168, 0.7952, 0.7453, 0.7801], [0.8072, 0.773, 0.8004, 0.7977, 0.6675, 0.8135, 0.7964, 0.8036, 0.7806, 0.7978, 0.4515, 0.793, 0.809, 0.8105, 0.8096, 0.8144, 0.8013, 0.8053, 0.8087, 0.8051, 0.8096, 0.6855, 0.7969, 0.8135, 0.7952, 0.6612, 0.7805], [0.8152, 0.7952, 0.7964, 0.787, 0.7872, 0.7846, 0.8067, 0.7924, 0.8309, 0.8074, 0.8095, 0.7731, 0.804, 0.801, 0.8223, 0.7841, 0.5779, 0.8118, 0.7838, 0.7971, 0.4967, 0.7476, 0.8007, 0.7914, 0.7875, 0.8317, 0.7984], [0.8984, 0.8809, 0.8804, 0.894, 0.883, 0.8613, 0.861, 0.883, 0.8874, 0.8915, 0.8976, 0.8782, 0.8602, 0.8494, 0.8819, 0.8959, 0.8815, 0.8896, 0.861, 0.902, 0.8629, 0.8865, 0.8815, 0.868, 0.8605, 0.8771, 0.8918], [0.7266, 0.7748, 0.7656, 0.7706, 0.7894, 0.6684, 0.7947, 0.8048, 0.7907, 0.7999, 0.8022, 0.79, 0.803, 0.7846, 0.7762, 0.7755, 0.7721, 0.7968, 0.8029, 0.807, 0.6665, 0.7867, 0.7812, 0.8078, 0.805, 0.7986, 0.7952]]
Results: 	[[0.8228, 0.8279, 0.8249, 0.8217, 0.8424, 0.8398, 0.8362, 0.8451, 0.8352, 0.8263, 0.8382, 0.828, 0.8366, 0.8397, 0.8359, 0.8068, 0.8348, 0.8249, 0.8353, 0.7926, 0.8427, 0.8368, 0.8455, 0.8401, 0.7258, 0.8006, 0.8316, 0.8449], [0.7505, 0.8086, 0.7847, 0.7811, 0.812, 0.7672, 0.7734, 0.4209, 0.7892, 0.7723, 0.6857, 0.7857, 0.7562, 0.8138, 0.7614, 0.7923, 0.7863, 0.7356, 0.815, 0.7847, 0.7741, 0.793, 0.8046, 0.8168, 0.7952, 0.7453, 0.7801, 0.806], [0.8072, 0.773, 0.8004, 0.7977, 0.6675, 0.8135, 0.7964, 0.8036, 0.7806, 0.7978, 0.4515, 0.793, 0.809, 0.8105, 0.8096, 0.8144, 0.8013, 0.8053, 0.8087, 0.8051, 0.8096, 0.6855, 0.7969, 0.8135, 0.7952, 0.6612, 0.7805, 0.811], [0.8152, 0.7952, 0.7964, 0.787, 0.7872, 0.7846, 0.8067, 0.7924, 0.8309, 0.8074, 0.8095, 0.7731, 0.804, 0.801, 0.8223, 0.7841, 0.5779, 0.8118, 0.7838, 0.7971, 0.4967, 0.7476, 0.8007, 0.7914, 0.7875, 0.8317, 0.7984, 0.8166], [0.8984, 0.8809, 0.8804, 0.894, 0.883, 0.8613, 0.861, 0.883, 0.8874, 0.8915, 0.8976, 0.8782, 0.8602, 0.8494, 0.8819, 0.8959, 0.8815, 0.8896, 0.861, 0.902, 0.8629, 0.8865, 0.8815, 0.868, 0.8605, 0.8771, 0.8918, 0.8882], [0.7266, 0.7748, 0.7656, 0.7706, 0.7894, 0.6684, 0.7947, 0.8048, 0.7907, 0.7999, 0.8022, 0.79, 0.803, 0.7846, 0.7762, 0.7755, 0.7721, 0.7968, 0.8029, 0.807, 0.6665, 0.7867, 0.7812, 0.8078, 0.805, 0.7986, 0.7952, 0.8013]]
Results: 	[[0.8228, 0.8279, 0.8249, 0.8217, 0.8424, 0.8398, 0.8362, 0.8451, 0.8352, 0.8263, 0.8382, 0.828, 0.8366, 0.8397, 0.8359, 0.8068, 0.8348, 0.8249, 0.8353, 0.7926, 0.8427, 0.8368, 0.8455, 0.8401, 0.7258, 0.8006, 0.8316, 0.8449, 0.8031], [0.7505, 0.8086, 0.7847, 0.7811, 0.812, 0.7672, 0.7734, 0.4209, 0.7892, 0.7723, 0.6857, 0.7857, 0.7562, 0.8138, 0.7614, 0.7923, 0.7863, 0.7356, 0.815, 0.7847, 0.7741, 0.793, 0.8046, 0.8168, 0.7952, 0.7453, 0.7801, 0.806, 0.7863], [0.8072, 0.773, 0.8004, 0.7977, 0.6675, 0.8135, 0.7964, 0.8036, 0.7806, 0.7978, 0.4515, 0.793, 0.809, 0.8105, 0.8096, 0.8144, 0.8013, 0.8053, 0.8087, 0.8051, 0.8096, 0.6855, 0.7969, 0.8135, 0.7952, 0.6612, 0.7805, 0.811, 0.7898], [0.8152, 0.7952, 0.7964, 0.787, 0.7872, 0.7846, 0.8067, 0.7924, 0.8309, 0.8074, 0.8095, 0.7731, 0.804, 0.801, 0.8223, 0.7841, 0.5779, 0.8118, 0.7838, 0.7971, 0.4967, 0.7476, 0.8007, 0.7914, 0.7875, 0.8317, 0.7984, 0.8166, 0.8029], [0.8984, 0.8809, 0.8804, 0.894, 0.883, 0.8613, 0.861, 0.883, 0.8874, 0.8915, 0.8976, 0.8782, 0.8602, 0.8494, 0.8819, 0.8959, 0.8815, 0.8896, 0.861, 0.902, 0.8629, 0.8865, 0.8815, 0.868, 0.8605, 0.8771, 0.8918, 0.8882, 0.8844], [0.7266, 0.7748, 0.7656, 0.7706, 0.7894, 0.6684, 0.7947, 0.8048, 0.7907, 0.7999, 0.8022, 0.79, 0.803, 0.7846, 0.7762, 0.7755, 0.7721, 0.7968, 0.8029, 0.807, 0.6665, 0.7867, 0.7812, 0.8078, 0.805, 0.7986, 0.7952, 0.8013, 0.7792]]
Results: 	[[0.8228, 0.8279, 0.8249, 0.8217, 0.8424, 0.8398, 0.8362, 0.8451, 0.8352, 0.8263, 0.8382, 0.828, 0.8366, 0.8397, 0.8359, 0.8068, 0.8348, 0.8249, 0.8353, 0.7926, 0.8427, 0.8368, 0.8455, 0.8401, 0.7258, 0.8006, 0.8316, 0.8449, 0.8031, 0.8309], [0.7505, 0.8086, 0.7847, 0.7811, 0.812, 0.7672, 0.7734, 0.4209, 0.7892, 0.7723, 0.6857, 0.7857, 0.7562, 0.8138, 0.7614, 0.7923, 0.7863, 0.7356, 0.815, 0.7847, 0.7741, 0.793, 0.8046, 0.8168, 0.7952, 0.7453, 0.7801, 0.806, 0.7863, 0.7483], [0.8072, 0.773, 0.8004, 0.7977, 0.6675, 0.8135, 0.7964, 0.8036, 0.7806, 0.7978, 0.4515, 0.793, 0.809, 0.8105, 0.8096, 0.8144, 0.8013, 0.8053, 0.8087, 0.8051, 0.8096, 0.6855, 0.7969, 0.8135, 0.7952, 0.6612, 0.7805, 0.811, 0.7898, 0.8054], [0.8152, 0.7952, 0.7964, 0.787, 0.7872, 0.7846, 0.8067, 0.7924, 0.8309, 0.8074, 0.8095, 0.7731, 0.804, 0.801, 0.8223, 0.7841, 0.5779, 0.8118, 0.7838, 0.7971, 0.4967, 0.7476, 0.8007, 0.7914, 0.7875, 0.8317, 0.7984, 0.8166, 0.8029, 0.8261], [0.8984, 0.8809, 0.8804, 0.894, 0.883, 0.8613, 0.861, 0.883, 0.8874, 0.8915, 0.8976, 0.8782, 0.8602, 0.8494, 0.8819, 0.8959, 0.8815, 0.8896, 0.861, 0.902, 0.8629, 0.8865, 0.8815, 0.868, 0.8605, 0.8771, 0.8918, 0.8882, 0.8844, 0.8861], [0.7266, 0.7748, 0.7656, 0.7706, 0.7894, 0.6684, 0.7947, 0.8048, 0.7907, 0.7999, 0.8022, 0.79, 0.803, 0.7846, 0.7762, 0.7755, 0.7721, 0.7968, 0.8029, 0.807, 0.6665, 0.7867, 0.7812, 0.8078, 0.805, 0.7986, 0.7952, 0.8013, 0.7792, 0.774]]

------------------------------------------------------------
Task                                          Acc       F1    AUROC  (mean ± std)
------------------------------------------------------------
Renal and urinary disorders              0.7396±0.0363  0.7782±0.0433  0.8266±0.0230
Pregnancy, puerperium and perinatal conditions 0.6951±0.0863  0.2886±0.0413  0.7675±0.0700
Ear and labyrinth disorders              0.6952±0.0537  0.6825±0.0608  0.7765±0.0725
Cardiac disorders                        0.6991±0.0475  0.7588±0.0513  0.7822±0.0685
Nervous system disorders                 0.7062±0.0667  0.8092±0.0531  0.8802±0.0134
Injury, poisoning and procedural complications 0.6905±0.0371  0.7391±0.0468  0.7797±0.0343

OVERALL AVERAGE                          0.7043±0.0165  0.6761±0.1775  0.8021±0.0397
------------------------------------------------------------
