
=================================================================
Variant : CNN-only  |  5-shot
Dataset : tox21  |  K_shot=5
Tasks   : ['SR-HSE', 'SR-MMP', 'SR-p53']
=================================================================
Results: 	[[0.7499], [0.8315], [0.7897]]
Results: 	[[0.7499, 0.7583], [0.8315, 0.8318], [0.7897, 0.7911]]
Results: 	[[0.7499, 0.7583, 0.7585], [0.8315, 0.8318, 0.8262], [0.7897, 0.7911, 0.7962]]
Results: 	[[0.7499, 0.7583, 0.7585, 0.7503], [0.8315, 0.8318, 0.8262, 0.8349], [0.7897, 0.7911, 0.7962, 0.7946]]
Results: 	[[0.7499, 0.7583, 0.7585, 0.7503, 0.7404], [0.8315, 0.8318, 0.8262, 0.8349, 0.835], [0.7897, 0.7911, 0.7962, 0.7946, 0.7968]]
Results: 	[[0.7499, 0.7583, 0.7585, 0.7503, 0.7404, 0.7564], [0.8315, 0.8318, 0.8262, 0.8349, 0.835, 0.8332], [0.7897, 0.7911, 0.7962, 0.7946, 0.7968, 0.7968]]
Results: 	[[0.7499, 0.7583, 0.7585, 0.7503, 0.7404, 0.7564, 0.7412], [0.8315, 0.8318, 0.8262, 0.8349, 0.835, 0.8332, 0.8379], [0.7897, 0.7911, 0.7962, 0.7946, 0.7968, 0.7968, 0.7944]]
Results: 	[[0.7499, 0.7583, 0.7585, 0.7503, 0.7404, 0.7564, 0.7412, 0.7601], [0.8315, 0.8318, 0.8262, 0.8349, 0.835, 0.8332, 0.8379, 0.82], [0.7897, 0.7911, 0.7962, 0.7946, 0.7968, 0.7968, 0.7944, 0.7919]]
Results: 	[[0.7499, 0.7583, 0.7585, 0.7503, 0.7404, 0.7564, 0.7412, 0.7601, 0.7559], [0.8315, 0.8318, 0.8262, 0.8349, 0.835, 0.8332, 0.8379, 0.82, 0.8264], [0.7897, 0.7911, 0.7962, 0.7946, 0.7968, 0.7968, 0.7944, 0.7919, 0.2339]]
Results: 	[[0.7499, 0.7583, 0.7585, 0.7503, 0.7404, 0.7564, 0.7412, 0.7601, 0.7559, 0.2964], [0.8315, 0.8318, 0.8262, 0.8349, 0.835, 0.8332, 0.8379, 0.82, 0.8264, 0.832], [0.7897, 0.7911, 0.7962, 0.7946, 0.7968, 0.7968, 0.7944, 0.7919, 0.2339, 0.789]]
Results: 	[[0.7499, 0.7583, 0.7585, 0.7503, 0.7404, 0.7564, 0.7412, 0.7601, 0.7559, 0.2964, 0.7582], [0.8315, 0.8318, 0.8262, 0.8349, 0.835, 0.8332, 0.8379, 0.82, 0.8264, 0.832, 0.8324], [0.7897, 0.7911, 0.7962, 0.7946, 0.7968, 0.7968, 0.7944, 0.7919, 0.2339, 0.789, 0.7388]]
Results: 	[[0.7499, 0.7583, 0.7585, 0.7503, 0.7404, 0.7564, 0.7412, 0.7601, 0.7559, 0.2964, 0.7582, 0.7058], [0.8315, 0.8318, 0.8262, 0.8349, 0.835, 0.8332, 0.8379, 0.82, 0.8264, 0.832, 0.8324, 0.8202], [0.7897, 0.7911, 0.7962, 0.7946, 0.7968, 0.7968, 0.7944, 0.7919, 0.2339, 0.789, 0.7388, 0.7932]]
Results: 	[[0.7499, 0.7583, 0.7585, 0.7503, 0.7404, 0.7564, 0.7412, 0.7601, 0.7559, 0.2964, 0.7582, 0.7058, 0.7597], [0.8315, 0.8318, 0.8262, 0.8349, 0.835, 0.8332, 0.8379, 0.82, 0.8264, 0.832, 0.8324, 0.8202, 0.8371], [0.7897, 0.7911, 0.7962, 0.7946, 0.7968, 0.7968, 0.7944, 0.7919, 0.2339, 0.789, 0.7388, 0.7932, 0.7859]]
Results: 	[[0.7499, 0.7583, 0.7585, 0.7503, 0.7404, 0.7564, 0.7412, 0.7601, 0.7559, 0.2964, 0.7582, 0.7058, 0.7597, 0.7538], [0.8315, 0.8318, 0.8262, 0.8349, 0.835, 0.8332, 0.8379, 0.82, 0.8264, 0.832, 0.8324, 0.8202, 0.8371, 0.84], [0.7897, 0.7911, 0.7962, 0.7946, 0.7968, 0.7968, 0.7944, 0.7919, 0.2339, 0.789, 0.7388, 0.7932, 0.7859, 0.8021]]
Results: 	[[0.7499, 0.7583, 0.7585, 0.7503, 0.7404, 0.7564, 0.7412, 0.7601, 0.7559, 0.2964, 0.7582, 0.7058, 0.7597, 0.7538, 0.7571], [0.8315, 0.8318, 0.8262, 0.8349, 0.835, 0.8332, 0.8379, 0.82, 0.8264, 0.832, 0.8324, 0.8202, 0.8371, 0.84, 0.8316], [0.7897, 0.7911, 0.7962, 0.7946, 0.7968, 0.7968, 0.7944, 0.7919, 0.2339, 0.789, 0.7388, 0.7932, 0.7859, 0.8021, 0.4803]]
Results: 	[[0.7499, 0.7583, 0.7585, 0.7503, 0.7404, 0.7564, 0.7412, 0.7601, 0.7559, 0.2964, 0.7582, 0.7058, 0.7597, 0.7538, 0.7571, 0.7617], [0.8315, 0.8318, 0.8262, 0.8349, 0.835, 0.8332, 0.8379, 0.82, 0.8264, 0.832, 0.8324, 0.8202, 0.8371, 0.84, 0.8316, 0.831], [0.7897, 0.7911, 0.7962, 0.7946, 0.7968, 0.7968, 0.7944, 0.7919, 0.2339, 0.789, 0.7388, 0.7932, 0.7859, 0.8021, 0.4803, 0.7943]]
Results: 	[[0.7499, 0.7583, 0.7585, 0.7503, 0.7404, 0.7564, 0.7412, 0.7601, 0.7559, 0.2964, 0.7582, 0.7058, 0.7597, 0.7538, 0.7571, 0.7617, 0.7581], [0.8315, 0.8318, 0.8262, 0.8349, 0.835, 0.8332, 0.8379, 0.82, 0.8264, 0.832, 0.8324, 0.8202, 0.8371, 0.84, 0.8316, 0.831, 0.8349], [0.7897, 0.7911, 0.7962, 0.7946, 0.7968, 0.7968, 0.7944, 0.7919, 0.2339, 0.789, 0.7388, 0.7932, 0.7859, 0.8021, 0.4803, 0.7943, 0.799]]
Results: 	[[0.7499, 0.7583, 0.7585, 0.7503, 0.7404, 0.7564, 0.7412, 0.7601, 0.7559, 0.2964, 0.7582, 0.7058, 0.7597, 0.7538, 0.7571, 0.7617, 0.7581, 0.7575], [0.8315, 0.8318, 0.8262, 0.8349, 0.835, 0.8332, 0.8379, 0.82, 0.8264, 0.832, 0.8324, 0.8202, 0.8371, 0.84, 0.8316, 0.831, 0.8349, 0.8332], [0.7897, 0.7911, 0.7962, 0.7946, 0.7968, 0.7968, 0.7944, 0.7919, 0.2339, 0.789, 0.7388, 0.7932, 0.7859, 0.8021, 0.4803, 0.7943, 0.799, 0.7798]]
Results: 	[[0.7499, 0.7583, 0.7585, 0.7503, 0.7404, 0.7564, 0.7412, 0.7601, 0.7559, 0.2964, 0.7582, 0.7058, 0.7597, 0.7538, 0.7571, 0.7617, 0.7581, 0.7575, 0.7572], [0.8315, 0.8318, 0.8262, 0.8349, 0.835, 0.8332, 0.8379, 0.82, 0.8264, 0.832, 0.8324, 0.8202, 0.8371, 0.84, 0.8316, 0.831, 0.8349, 0.8332, 0.8283], [0.7897, 0.7911, 0.7962, 0.7946, 0.7968, 0.7968, 0.7944, 0.7919, 0.2339, 0.789, 0.7388, 0.7932, 0.7859, 0.8021, 0.4803, 0.7943, 0.799, 0.7798, 0.7842]]
Results: 	[[0.7499, 0.7583, 0.7585, 0.7503, 0.7404, 0.7564, 0.7412, 0.7601, 0.7559, 0.2964, 0.7582, 0.7058, 0.7597, 0.7538, 0.7571, 0.7617, 0.7581, 0.7575, 0.7572, 0.755], [0.8315, 0.8318, 0.8262, 0.8349, 0.835, 0.8332, 0.8379, 0.82, 0.8264, 0.832, 0.8324, 0.8202, 0.8371, 0.84, 0.8316, 0.831, 0.8349, 0.8332, 0.8283, 0.8314], [0.7897, 0.7911, 0.7962, 0.7946, 0.7968, 0.7968, 0.7944, 0.7919, 0.2339, 0.789, 0.7388, 0.7932, 0.7859, 0.8021, 0.4803, 0.7943, 0.799, 0.7798, 0.7842, 0.794]]
Results: 	[[0.7499, 0.7583, 0.7585, 0.7503, 0.7404, 0.7564, 0.7412, 0.7601, 0.7559, 0.2964, 0.7582, 0.7058, 0.7597, 0.7538, 0.7571, 0.7617, 0.7581, 0.7575, 0.7572, 0.755, 0.7618], [0.8315, 0.8318, 0.8262, 0.8349, 0.835, 0.8332, 0.8379, 0.82, 0.8264, 0.832, 0.8324, 0.8202, 0.8371, 0.84, 0.8316, 0.831, 0.8349, 0.8332, 0.8283, 0.8314, 0.8344], [0.7897, 0.7911, 0.7962, 0.7946, 0.7968, 0.7968, 0.7944, 0.7919, 0.2339, 0.789, 0.7388, 0.7932, 0.7859, 0.8021, 0.4803, 0.7943, 0.799, 0.7798, 0.7842, 0.794, 0.7965]]
Results: 	[[0.7499, 0.7583, 0.7585, 0.7503, 0.7404, 0.7564, 0.7412, 0.7601, 0.7559, 0.2964, 0.7582, 0.7058, 0.7597, 0.7538, 0.7571, 0.7617, 0.7581, 0.7575, 0.7572, 0.755, 0.7618, 0.7565], [0.8315, 0.8318, 0.8262, 0.8349, 0.835, 0.8332, 0.8379, 0.82, 0.8264, 0.832, 0.8324, 0.8202, 0.8371, 0.84, 0.8316, 0.831, 0.8349, 0.8332, 0.8283, 0.8314, 0.8344, 0.8277], [0.7897, 0.7911, 0.7962, 0.7946, 0.7968, 0.7968, 0.7944, 0.7919, 0.2339, 0.789, 0.7388, 0.7932, 0.7859, 0.8021, 0.4803, 0.7943, 0.799, 0.7798, 0.7842, 0.794, 0.7965, 0.7931]]
Results: 	[[0.7499, 0.7583, 0.7585, 0.7503, 0.7404, 0.7564, 0.7412, 0.7601, 0.7559, 0.2964, 0.7582, 0.7058, 0.7597, 0.7538, 0.7571, 0.7617, 0.7581, 0.7575, 0.7572, 0.755, 0.7618, 0.7565, 0.7454], [0.8315, 0.8318, 0.8262, 0.8349, 0.835, 0.8332, 0.8379, 0.82, 0.8264, 0.832, 0.8324, 0.8202, 0.8371, 0.84, 0.8316, 0.831, 0.8349, 0.8332, 0.8283, 0.8314, 0.8344, 0.8277, 0.826], [0.7897, 0.7911, 0.7962, 0.7946, 0.7968, 0.7968, 0.7944, 0.7919, 0.2339, 0.789, 0.7388, 0.7932, 0.7859, 0.8021, 0.4803, 0.7943, 0.799, 0.7798, 0.7842, 0.794, 0.7965, 0.7931, 0.7889]]
Results: 	[[0.7499, 0.7583, 0.7585, 0.7503, 0.7404, 0.7564, 0.7412, 0.7601, 0.7559, 0.2964, 0.7582, 0.7058, 0.7597, 0.7538, 0.7571, 0.7617, 0.7581, 0.7575, 0.7572, 0.755, 0.7618, 0.7565, 0.7454, 0.7597], [0.8315, 0.8318, 0.8262, 0.8349, 0.835, 0.8332, 0.8379, 0.82, 0.8264, 0.832, 0.8324, 0.8202, 0.8371, 0.84, 0.8316, 0.831, 0.8349, 0.8332, 0.8283, 0.8314, 0.8344, 0.8277, 0.826, 0.8386], [0.7897, 0.7911, 0.7962, 0.7946, 0.7968, 0.7968, 0.7944, 0.7919, 0.2339, 0.789, 0.7388, 0.7932, 0.7859, 0.8021, 0.4803, 0.7943, 0.799, 0.7798, 0.7842, 0.794, 0.7965, 0.7931, 0.7889, 0.7952]]
Results: 	[[0.7499, 0.7583, 0.7585, 0.7503, 0.7404, 0.7564, 0.7412, 0.7601, 0.7559, 0.2964, 0.7582, 0.7058, 0.7597, 0.7538, 0.7571, 0.7617, 0.7581, 0.7575, 0.7572, 0.755, 0.7618, 0.7565, 0.7454, 0.7597, 0.7552], [0.8315, 0.8318, 0.8262, 0.8349, 0.835, 0.8332, 0.8379, 0.82, 0.8264, 0.832, 0.8324, 0.8202, 0.8371, 0.84, 0.8316, 0.831, 0.8349, 0.8332, 0.8283, 0.8314, 0.8344, 0.8277, 0.826, 0.8386, 0.8083], [0.7897, 0.7911, 0.7962, 0.7946, 0.7968, 0.7968, 0.7944, 0.7919, 0.2339, 0.789, 0.7388, 0.7932, 0.7859, 0.8021, 0.4803, 0.7943, 0.799, 0.7798, 0.7842, 0.794, 0.7965, 0.7931, 0.7889, 0.7952, 0.7939]]
Results: 	[[0.7499, 0.7583, 0.7585, 0.7503, 0.7404, 0.7564, 0.7412, 0.7601, 0.7559, 0.2964, 0.7582, 0.7058, 0.7597, 0.7538, 0.7571, 0.7617, 0.7581, 0.7575, 0.7572, 0.755, 0.7618, 0.7565, 0.7454, 0.7597, 0.7552, 0.7501], [0.8315, 0.8318, 0.8262, 0.8349, 0.835, 0.8332, 0.8379, 0.82, 0.8264, 0.832, 0.8324, 0.8202, 0.8371, 0.84, 0.8316, 0.831, 0.8349, 0.8332, 0.8283, 0.8314, 0.8344, 0.8277, 0.826, 0.8386, 0.8083, 0.8398], [0.7897, 0.7911, 0.7962, 0.7946, 0.7968, 0.7968, 0.7944, 0.7919, 0.2339, 0.789, 0.7388, 0.7932, 0.7859, 0.8021, 0.4803, 0.7943, 0.799, 0.7798, 0.7842, 0.794, 0.7965, 0.7931, 0.7889, 0.7952, 0.7939, 0.7714]]
Results: 	[[0.7499, 0.7583, 0.7585, 0.7503, 0.7404, 0.7564, 0.7412, 0.7601, 0.7559, 0.2964, 0.7582, 0.7058, 0.7597, 0.7538, 0.7571, 0.7617, 0.7581, 0.7575, 0.7572, 0.755, 0.7618, 0.7565, 0.7454, 0.7597, 0.7552, 0.7501, 0.7523], [0.8315, 0.8318, 0.8262, 0.8349, 0.835, 0.8332, 0.8379, 0.82, 0.8264, 0.832, 0.8324, 0.8202, 0.8371, 0.84, 0.8316, 0.831, 0.8349, 0.8332, 0.8283, 0.8314, 0.8344, 0.8277, 0.826, 0.8386, 0.8083, 0.8398, 0.8298], [0.7897, 0.7911, 0.7962, 0.7946, 0.7968, 0.7968, 0.7944, 0.7919, 0.2339, 0.789, 0.7388, 0.7932, 0.7859, 0.8021, 0.4803, 0.7943, 0.799, 0.7798, 0.7842, 0.794, 0.7965, 0.7931, 0.7889, 0.7952, 0.7939, 0.7714, 0.7975]]
Results: 	[[0.7499, 0.7583, 0.7585, 0.7503, 0.7404, 0.7564, 0.7412, 0.7601, 0.7559, 0.2964, 0.7582, 0.7058, 0.7597, 0.7538, 0.7571, 0.7617, 0.7581, 0.7575, 0.7572, 0.755, 0.7618, 0.7565, 0.7454, 0.7597, 0.7552, 0.7501, 0.7523, 0.7496], [0.8315, 0.8318, 0.8262, 0.8349, 0.835, 0.8332, 0.8379, 0.82, 0.8264, 0.832, 0.8324, 0.8202, 0.8371, 0.84, 0.8316, 0.831, 0.8349, 0.8332, 0.8283, 0.8314, 0.8344, 0.8277, 0.826, 0.8386, 0.8083, 0.8398, 0.8298, 0.8351], [0.7897, 0.7911, 0.7962, 0.7946, 0.7968, 0.7968, 0.7944, 0.7919, 0.2339, 0.789, 0.7388, 0.7932, 0.7859, 0.8021, 0.4803, 0.7943, 0.799, 0.7798, 0.7842, 0.794, 0.7965, 0.7931, 0.7889, 0.7952, 0.7939, 0.7714, 0.7975, 0.7862]]
Results: 	[[0.7499, 0.7583, 0.7585, 0.7503, 0.7404, 0.7564, 0.7412, 0.7601, 0.7559, 0.2964, 0.7582, 0.7058, 0.7597, 0.7538, 0.7571, 0.7617, 0.7581, 0.7575, 0.7572, 0.755, 0.7618, 0.7565, 0.7454, 0.7597, 0.7552, 0.7501, 0.7523, 0.7496, 0.7439], [0.8315, 0.8318, 0.8262, 0.8349, 0.835, 0.8332, 0.8379, 0.82, 0.8264, 0.832, 0.8324, 0.8202, 0.8371, 0.84, 0.8316, 0.831, 0.8349, 0.8332, 0.8283, 0.8314, 0.8344, 0.8277, 0.826, 0.8386, 0.8083, 0.8398, 0.8298, 0.8351, 0.5537], [0.7897, 0.7911, 0.7962, 0.7946, 0.7968, 0.7968, 0.7944, 0.7919, 0.2339, 0.789, 0.7388, 0.7932, 0.7859, 0.8021, 0.4803, 0.7943, 0.799, 0.7798, 0.7842, 0.794, 0.7965, 0.7931, 0.7889, 0.7952, 0.7939, 0.7714, 0.7975, 0.7862, 0.7964]]
Results: 	[[0.7499, 0.7583, 0.7585, 0.7503, 0.7404, 0.7564, 0.7412, 0.7601, 0.7559, 0.2964, 0.7582, 0.7058, 0.7597, 0.7538, 0.7571, 0.7617, 0.7581, 0.7575, 0.7572, 0.755, 0.7618, 0.7565, 0.7454, 0.7597, 0.7552, 0.7501, 0.7523, 0.7496, 0.7439, 0.3605], [0.8315, 0.8318, 0.8262, 0.8349, 0.835, 0.8332, 0.8379, 0.82, 0.8264, 0.832, 0.8324, 0.8202, 0.8371, 0.84, 0.8316, 0.831, 0.8349, 0.8332, 0.8283, 0.8314, 0.8344, 0.8277, 0.826, 0.8386, 0.8083, 0.8398, 0.8298, 0.8351, 0.5537, 0.8195], [0.7897, 0.7911, 0.7962, 0.7946, 0.7968, 0.7968, 0.7944, 0.7919, 0.2339, 0.789, 0.7388, 0.7932, 0.7859, 0.8021, 0.4803, 0.7943, 0.799, 0.7798, 0.7842, 0.794, 0.7965, 0.7931, 0.7889, 0.7952, 0.7939, 0.7714, 0.7975, 0.7862, 0.7964, 0.7946]]

-----------------------------------------------------------------
Task                                            Acc         F1      AUROC  (mean±std)
-----------------------------------------------------------------
SR-HSE                                   0.6963±0.1215  0.2048±0.0452  0.7242±0.1066
SR-MMP                                   0.7927±0.0350  0.5145±0.0438  0.8214±0.0502
SR-p53                                   0.7255±0.1136  0.2549±0.0566  0.7613±0.1132

OVERALL AVERAGE                          0.7382              0.3247              0.7690
-----------------------------------------------------------------
