
=================================================================
Variant : CNN-only  |  10-shot
Dataset : sider  |  K_shot=10
Tasks   : ['Renal and urinary disorders', 'Pregnancy, puerperium and perinatal conditions', 'Ear and labyrinth disorders', 'Cardiac disorders', 'Nervous system disorders', 'Injury, poisoning and procedural complications']
=================================================================
Results: 	[[0.8294], [0.7725], [0.8143], [0.8325], [0.8995], [0.8175]]
Results: 	[[0.8294, 0.8303], [0.7725, 0.7829], [0.8143, 0.8136], [0.8325, 0.8312], [0.8995, 0.907], [0.8175, 0.8176]]
Results: 	[[0.8294, 0.8303, 0.8301], [0.7725, 0.7829, 0.7916], [0.8143, 0.8136, 0.8141], [0.8325, 0.8312, 0.834], [0.8995, 0.907, 0.9022], [0.8175, 0.8176, 0.8164]]
Results: 	[[0.8294, 0.8303, 0.8301, 0.8285], [0.7725, 0.7829, 0.7916, 0.7865], [0.8143, 0.8136, 0.8141, 0.802], [0.8325, 0.8312, 0.834, 0.8366], [0.8995, 0.907, 0.9022, 0.8974], [0.8175, 0.8176, 0.8164, 0.8169]]
Results: 	[[0.8294, 0.8303, 0.8301, 0.8285, 0.8301], [0.7725, 0.7829, 0.7916, 0.7865, 0.7806], [0.8143, 0.8136, 0.8141, 0.802, 0.8153], [0.8325, 0.8312, 0.834, 0.8366, 0.8361], [0.8995, 0.907, 0.9022, 0.8974, 0.9041], [0.8175, 0.8176, 0.8164, 0.8169, 0.8194]]
Results: 	[[0.8294, 0.8303, 0.8301, 0.8285, 0.8301, 0.8282], [0.7725, 0.7829, 0.7916, 0.7865, 0.7806, 0.784], [0.8143, 0.8136, 0.8141, 0.802, 0.8153, 0.8135], [0.8325, 0.8312, 0.834, 0.8366, 0.8361, 0.8334], [0.8995, 0.907, 0.9022, 0.8974, 0.9041, 0.9045], [0.8175, 0.8176, 0.8164, 0.8169, 0.8194, 0.8159]]
Results: 	[[0.8294, 0.8303, 0.8301, 0.8285, 0.8301, 0.8282, 0.8295], [0.7725, 0.7829, 0.7916, 0.7865, 0.7806, 0.784, 0.7881], [0.8143, 0.8136, 0.8141, 0.802, 0.8153, 0.8135, 0.8131], [0.8325, 0.8312, 0.834, 0.8366, 0.8361, 0.8334, 0.8331], [0.8995, 0.907, 0.9022, 0.8974, 0.9041, 0.9045, 0.9048], [0.8175, 0.8176, 0.8164, 0.8169, 0.8194, 0.8159, 0.8187]]
Results: 	[[0.8294, 0.8303, 0.8301, 0.8285, 0.8301, 0.8282, 0.8295, 0.8306], [0.7725, 0.7829, 0.7916, 0.7865, 0.7806, 0.784, 0.7881, 0.7744], [0.8143, 0.8136, 0.8141, 0.802, 0.8153, 0.8135, 0.8131, 0.816], [0.8325, 0.8312, 0.834, 0.8366, 0.8361, 0.8334, 0.8331, 0.8316], [0.8995, 0.907, 0.9022, 0.8974, 0.9041, 0.9045, 0.9048, 0.8994], [0.8175, 0.8176, 0.8164, 0.8169, 0.8194, 0.8159, 0.8187, 0.8151]]
Results: 	[[0.8294, 0.8303, 0.8301, 0.8285, 0.8301, 0.8282, 0.8295, 0.8306, 0.8283], [0.7725, 0.7829, 0.7916, 0.7865, 0.7806, 0.784, 0.7881, 0.7744, 0.77], [0.8143, 0.8136, 0.8141, 0.802, 0.8153, 0.8135, 0.8131, 0.816, 0.8164], [0.8325, 0.8312, 0.834, 0.8366, 0.8361, 0.8334, 0.8331, 0.8316, 0.8324], [0.8995, 0.907, 0.9022, 0.8974, 0.9041, 0.9045, 0.9048, 0.8994, 0.8986], [0.8175, 0.8176, 0.8164, 0.8169, 0.8194, 0.8159, 0.8187, 0.8151, 0.8177]]
Results: 	[[0.8294, 0.8303, 0.8301, 0.8285, 0.8301, 0.8282, 0.8295, 0.8306, 0.8283, 0.8287], [0.7725, 0.7829, 0.7916, 0.7865, 0.7806, 0.784, 0.7881, 0.7744, 0.77, 0.7938], [0.8143, 0.8136, 0.8141, 0.802, 0.8153, 0.8135, 0.8131, 0.816, 0.8164, 0.8144], [0.8325, 0.8312, 0.834, 0.8366, 0.8361, 0.8334, 0.8331, 0.8316, 0.8324, 0.8302], [0.8995, 0.907, 0.9022, 0.8974, 0.9041, 0.9045, 0.9048, 0.8994, 0.8986, 0.9029], [0.8175, 0.8176, 0.8164, 0.8169, 0.8194, 0.8159, 0.8187, 0.8151, 0.8177, 0.8165]]
Results: 	[[0.8294, 0.8303, 0.8301, 0.8285, 0.8301, 0.8282, 0.8295, 0.8306, 0.8283, 0.8287, 0.8316], [0.7725, 0.7829, 0.7916, 0.7865, 0.7806, 0.784, 0.7881, 0.7744, 0.77, 0.7938, 0.772], [0.8143, 0.8136, 0.8141, 0.802, 0.8153, 0.8135, 0.8131, 0.816, 0.8164, 0.8144, 0.8164], [0.8325, 0.8312, 0.834, 0.8366, 0.8361, 0.8334, 0.8331, 0.8316, 0.8324, 0.8302, 0.8318], [0.8995, 0.907, 0.9022, 0.8974, 0.9041, 0.9045, 0.9048, 0.8994, 0.8986, 0.9029, 0.8971], [0.8175, 0.8176, 0.8164, 0.8169, 0.8194, 0.8159, 0.8187, 0.8151, 0.8177, 0.8165, 0.8188]]
Results: 	[[0.8294, 0.8303, 0.8301, 0.8285, 0.8301, 0.8282, 0.8295, 0.8306, 0.8283, 0.8287, 0.8316, 0.8296], [0.7725, 0.7829, 0.7916, 0.7865, 0.7806, 0.784, 0.7881, 0.7744, 0.77, 0.7938, 0.772, 0.7761], [0.8143, 0.8136, 0.8141, 0.802, 0.8153, 0.8135, 0.8131, 0.816, 0.8164, 0.8144, 0.8164, 0.8148], [0.8325, 0.8312, 0.834, 0.8366, 0.8361, 0.8334, 0.8331, 0.8316, 0.8324, 0.8302, 0.8318, 0.8351], [0.8995, 0.907, 0.9022, 0.8974, 0.9041, 0.9045, 0.9048, 0.8994, 0.8986, 0.9029, 0.8971, 0.9042], [0.8175, 0.8176, 0.8164, 0.8169, 0.8194, 0.8159, 0.8187, 0.8151, 0.8177, 0.8165, 0.8188, 0.8216]]
Results: 	[[0.8294, 0.8303, 0.8301, 0.8285, 0.8301, 0.8282, 0.8295, 0.8306, 0.8283, 0.8287, 0.8316, 0.8296, 0.8289], [0.7725, 0.7829, 0.7916, 0.7865, 0.7806, 0.784, 0.7881, 0.7744, 0.77, 0.7938, 0.772, 0.7761, 0.7941], [0.8143, 0.8136, 0.8141, 0.802, 0.8153, 0.8135, 0.8131, 0.816, 0.8164, 0.8144, 0.8164, 0.8148, 0.8165], [0.8325, 0.8312, 0.834, 0.8366, 0.8361, 0.8334, 0.8331, 0.8316, 0.8324, 0.8302, 0.8318, 0.8351, 0.8322], [0.8995, 0.907, 0.9022, 0.8974, 0.9041, 0.9045, 0.9048, 0.8994, 0.8986, 0.9029, 0.8971, 0.9042, 0.8983], [0.8175, 0.8176, 0.8164, 0.8169, 0.8194, 0.8159, 0.8187, 0.8151, 0.8177, 0.8165, 0.8188, 0.8216, 0.8184]]
Results: 	[[0.8294, 0.8303, 0.8301, 0.8285, 0.8301, 0.8282, 0.8295, 0.8306, 0.8283, 0.8287, 0.8316, 0.8296, 0.8289, 0.8271], [0.7725, 0.7829, 0.7916, 0.7865, 0.7806, 0.784, 0.7881, 0.7744, 0.77, 0.7938, 0.772, 0.7761, 0.7941, 0.7835], [0.8143, 0.8136, 0.8141, 0.802, 0.8153, 0.8135, 0.8131, 0.816, 0.8164, 0.8144, 0.8164, 0.8148, 0.8165, 0.8141], [0.8325, 0.8312, 0.834, 0.8366, 0.8361, 0.8334, 0.8331, 0.8316, 0.8324, 0.8302, 0.8318, 0.8351, 0.8322, 0.8336], [0.8995, 0.907, 0.9022, 0.8974, 0.9041, 0.9045, 0.9048, 0.8994, 0.8986, 0.9029, 0.8971, 0.9042, 0.8983, 0.9082], [0.8175, 0.8176, 0.8164, 0.8169, 0.8194, 0.8159, 0.8187, 0.8151, 0.8177, 0.8165, 0.8188, 0.8216, 0.8184, 0.8196]]
Results: 	[[0.8294, 0.8303, 0.8301, 0.8285, 0.8301, 0.8282, 0.8295, 0.8306, 0.8283, 0.8287, 0.8316, 0.8296, 0.8289, 0.8271, 0.8304], [0.7725, 0.7829, 0.7916, 0.7865, 0.7806, 0.784, 0.7881, 0.7744, 0.77, 0.7938, 0.772, 0.7761, 0.7941, 0.7835, 0.7849], [0.8143, 0.8136, 0.8141, 0.802, 0.8153, 0.8135, 0.8131, 0.816, 0.8164, 0.8144, 0.8164, 0.8148, 0.8165, 0.8141, 0.8142], [0.8325, 0.8312, 0.834, 0.8366, 0.8361, 0.8334, 0.8331, 0.8316, 0.8324, 0.8302, 0.8318, 0.8351, 0.8322, 0.8336, 0.829], [0.8995, 0.907, 0.9022, 0.8974, 0.9041, 0.9045, 0.9048, 0.8994, 0.8986, 0.9029, 0.8971, 0.9042, 0.8983, 0.9082, 0.9034], [0.8175, 0.8176, 0.8164, 0.8169, 0.8194, 0.8159, 0.8187, 0.8151, 0.8177, 0.8165, 0.8188, 0.8216, 0.8184, 0.8196, 0.8152]]
Results: 	[[0.8294, 0.8303, 0.8301, 0.8285, 0.8301, 0.8282, 0.8295, 0.8306, 0.8283, 0.8287, 0.8316, 0.8296, 0.8289, 0.8271, 0.8304, 0.8299], [0.7725, 0.7829, 0.7916, 0.7865, 0.7806, 0.784, 0.7881, 0.7744, 0.77, 0.7938, 0.772, 0.7761, 0.7941, 0.7835, 0.7849, 0.7733], [0.8143, 0.8136, 0.8141, 0.802, 0.8153, 0.8135, 0.8131, 0.816, 0.8164, 0.8144, 0.8164, 0.8148, 0.8165, 0.8141, 0.8142, 0.8161], [0.8325, 0.8312, 0.834, 0.8366, 0.8361, 0.8334, 0.8331, 0.8316, 0.8324, 0.8302, 0.8318, 0.8351, 0.8322, 0.8336, 0.829, 0.8301], [0.8995, 0.907, 0.9022, 0.8974, 0.9041, 0.9045, 0.9048, 0.8994, 0.8986, 0.9029, 0.8971, 0.9042, 0.8983, 0.9082, 0.9034, 0.9067], [0.8175, 0.8176, 0.8164, 0.8169, 0.8194, 0.8159, 0.8187, 0.8151, 0.8177, 0.8165, 0.8188, 0.8216, 0.8184, 0.8196, 0.8152, 0.8178]]
Results: 	[[0.8294, 0.8303, 0.8301, 0.8285, 0.8301, 0.8282, 0.8295, 0.8306, 0.8283, 0.8287, 0.8316, 0.8296, 0.8289, 0.8271, 0.8304, 0.8299, 0.8296], [0.7725, 0.7829, 0.7916, 0.7865, 0.7806, 0.784, 0.7881, 0.7744, 0.77, 0.7938, 0.772, 0.7761, 0.7941, 0.7835, 0.7849, 0.7733, 0.7866], [0.8143, 0.8136, 0.8141, 0.802, 0.8153, 0.8135, 0.8131, 0.816, 0.8164, 0.8144, 0.8164, 0.8148, 0.8165, 0.8141, 0.8142, 0.8161, 0.8131], [0.8325, 0.8312, 0.834, 0.8366, 0.8361, 0.8334, 0.8331, 0.8316, 0.8324, 0.8302, 0.8318, 0.8351, 0.8322, 0.8336, 0.829, 0.8301, 0.8338], [0.8995, 0.907, 0.9022, 0.8974, 0.9041, 0.9045, 0.9048, 0.8994, 0.8986, 0.9029, 0.8971, 0.9042, 0.8983, 0.9082, 0.9034, 0.9067, 0.9072], [0.8175, 0.8176, 0.8164, 0.8169, 0.8194, 0.8159, 0.8187, 0.8151, 0.8177, 0.8165, 0.8188, 0.8216, 0.8184, 0.8196, 0.8152, 0.8178, 0.8156]]
Results: 	[[0.8294, 0.8303, 0.8301, 0.8285, 0.8301, 0.8282, 0.8295, 0.8306, 0.8283, 0.8287, 0.8316, 0.8296, 0.8289, 0.8271, 0.8304, 0.8299, 0.8296, 0.8294], [0.7725, 0.7829, 0.7916, 0.7865, 0.7806, 0.784, 0.7881, 0.7744, 0.77, 0.7938, 0.772, 0.7761, 0.7941, 0.7835, 0.7849, 0.7733, 0.7866, 0.7914], [0.8143, 0.8136, 0.8141, 0.802, 0.8153, 0.8135, 0.8131, 0.816, 0.8164, 0.8144, 0.8164, 0.8148, 0.8165, 0.8141, 0.8142, 0.8161, 0.8131, 0.814], [0.8325, 0.8312, 0.834, 0.8366, 0.8361, 0.8334, 0.8331, 0.8316, 0.8324, 0.8302, 0.8318, 0.8351, 0.8322, 0.8336, 0.829, 0.8301, 0.8338, 0.832], [0.8995, 0.907, 0.9022, 0.8974, 0.9041, 0.9045, 0.9048, 0.8994, 0.8986, 0.9029, 0.8971, 0.9042, 0.8983, 0.9082, 0.9034, 0.9067, 0.9072, 0.9055], [0.8175, 0.8176, 0.8164, 0.8169, 0.8194, 0.8159, 0.8187, 0.8151, 0.8177, 0.8165, 0.8188, 0.8216, 0.8184, 0.8196, 0.8152, 0.8178, 0.8156, 0.8166]]
Results: 	[[0.8294, 0.8303, 0.8301, 0.8285, 0.8301, 0.8282, 0.8295, 0.8306, 0.8283, 0.8287, 0.8316, 0.8296, 0.8289, 0.8271, 0.8304, 0.8299, 0.8296, 0.8294, 0.8288], [0.7725, 0.7829, 0.7916, 0.7865, 0.7806, 0.784, 0.7881, 0.7744, 0.77, 0.7938, 0.772, 0.7761, 0.7941, 0.7835, 0.7849, 0.7733, 0.7866, 0.7914, 0.7857], [0.8143, 0.8136, 0.8141, 0.802, 0.8153, 0.8135, 0.8131, 0.816, 0.8164, 0.8144, 0.8164, 0.8148, 0.8165, 0.8141, 0.8142, 0.8161, 0.8131, 0.814, 0.8177], [0.8325, 0.8312, 0.834, 0.8366, 0.8361, 0.8334, 0.8331, 0.8316, 0.8324, 0.8302, 0.8318, 0.8351, 0.8322, 0.8336, 0.829, 0.8301, 0.8338, 0.832, 0.8313], [0.8995, 0.907, 0.9022, 0.8974, 0.9041, 0.9045, 0.9048, 0.8994, 0.8986, 0.9029, 0.8971, 0.9042, 0.8983, 0.9082, 0.9034, 0.9067, 0.9072, 0.9055, 0.8956], [0.8175, 0.8176, 0.8164, 0.8169, 0.8194, 0.8159, 0.8187, 0.8151, 0.8177, 0.8165, 0.8188, 0.8216, 0.8184, 0.8196, 0.8152, 0.8178, 0.8156, 0.8166, 0.8163]]
Results: 	[[0.8294, 0.8303, 0.8301, 0.8285, 0.8301, 0.8282, 0.8295, 0.8306, 0.8283, 0.8287, 0.8316, 0.8296, 0.8289, 0.8271, 0.8304, 0.8299, 0.8296, 0.8294, 0.8288, 0.8327], [0.7725, 0.7829, 0.7916, 0.7865, 0.7806, 0.784, 0.7881, 0.7744, 0.77, 0.7938, 0.772, 0.7761, 0.7941, 0.7835, 0.7849, 0.7733, 0.7866, 0.7914, 0.7857, 0.7747], [0.8143, 0.8136, 0.8141, 0.802, 0.8153, 0.8135, 0.8131, 0.816, 0.8164, 0.8144, 0.8164, 0.8148, 0.8165, 0.8141, 0.8142, 0.8161, 0.8131, 0.814, 0.8177, 0.8145], [0.8325, 0.8312, 0.834, 0.8366, 0.8361, 0.8334, 0.8331, 0.8316, 0.8324, 0.8302, 0.8318, 0.8351, 0.8322, 0.8336, 0.829, 0.8301, 0.8338, 0.832, 0.8313, 0.8302], [0.8995, 0.907, 0.9022, 0.8974, 0.9041, 0.9045, 0.9048, 0.8994, 0.8986, 0.9029, 0.8971, 0.9042, 0.8983, 0.9082, 0.9034, 0.9067, 0.9072, 0.9055, 0.8956, 0.8995], [0.8175, 0.8176, 0.8164, 0.8169, 0.8194, 0.8159, 0.8187, 0.8151, 0.8177, 0.8165, 0.8188, 0.8216, 0.8184, 0.8196, 0.8152, 0.8178, 0.8156, 0.8166, 0.8163, 0.8171]]
Results: 	[[0.8294, 0.8303, 0.8301, 0.8285, 0.8301, 0.8282, 0.8295, 0.8306, 0.8283, 0.8287, 0.8316, 0.8296, 0.8289, 0.8271, 0.8304, 0.8299, 0.8296, 0.8294, 0.8288, 0.8327, 0.8286], [0.7725, 0.7829, 0.7916, 0.7865, 0.7806, 0.784, 0.7881, 0.7744, 0.77, 0.7938, 0.772, 0.7761, 0.7941, 0.7835, 0.7849, 0.7733, 0.7866, 0.7914, 0.7857, 0.7747, 0.7767], [0.8143, 0.8136, 0.8141, 0.802, 0.8153, 0.8135, 0.8131, 0.816, 0.8164, 0.8144, 0.8164, 0.8148, 0.8165, 0.8141, 0.8142, 0.8161, 0.8131, 0.814, 0.8177, 0.8145, 0.8135], [0.8325, 0.8312, 0.834, 0.8366, 0.8361, 0.8334, 0.8331, 0.8316, 0.8324, 0.8302, 0.8318, 0.8351, 0.8322, 0.8336, 0.829, 0.8301, 0.8338, 0.832, 0.8313, 0.8302, 0.8322], [0.8995, 0.907, 0.9022, 0.8974, 0.9041, 0.9045, 0.9048, 0.8994, 0.8986, 0.9029, 0.8971, 0.9042, 0.8983, 0.9082, 0.9034, 0.9067, 0.9072, 0.9055, 0.8956, 0.8995, 0.897], [0.8175, 0.8176, 0.8164, 0.8169, 0.8194, 0.8159, 0.8187, 0.8151, 0.8177, 0.8165, 0.8188, 0.8216, 0.8184, 0.8196, 0.8152, 0.8178, 0.8156, 0.8166, 0.8163, 0.8171, 0.8197]]
Results: 	[[0.8294, 0.8303, 0.8301, 0.8285, 0.8301, 0.8282, 0.8295, 0.8306, 0.8283, 0.8287, 0.8316, 0.8296, 0.8289, 0.8271, 0.8304, 0.8299, 0.8296, 0.8294, 0.8288, 0.8327, 0.8286, 0.832], [0.7725, 0.7829, 0.7916, 0.7865, 0.7806, 0.784, 0.7881, 0.7744, 0.77, 0.7938, 0.772, 0.7761, 0.7941, 0.7835, 0.7849, 0.7733, 0.7866, 0.7914, 0.7857, 0.7747, 0.7767, 0.7887], [0.8143, 0.8136, 0.8141, 0.802, 0.8153, 0.8135, 0.8131, 0.816, 0.8164, 0.8144, 0.8164, 0.8148, 0.8165, 0.8141, 0.8142, 0.8161, 0.8131, 0.814, 0.8177, 0.8145, 0.8135, 0.8139], [0.8325, 0.8312, 0.834, 0.8366, 0.8361, 0.8334, 0.8331, 0.8316, 0.8324, 0.8302, 0.8318, 0.8351, 0.8322, 0.8336, 0.829, 0.8301, 0.8338, 0.832, 0.8313, 0.8302, 0.8322, 0.8318], [0.8995, 0.907, 0.9022, 0.8974, 0.9041, 0.9045, 0.9048, 0.8994, 0.8986, 0.9029, 0.8971, 0.9042, 0.8983, 0.9082, 0.9034, 0.9067, 0.9072, 0.9055, 0.8956, 0.8995, 0.897, 0.8928], [0.8175, 0.8176, 0.8164, 0.8169, 0.8194, 0.8159, 0.8187, 0.8151, 0.8177, 0.8165, 0.8188, 0.8216, 0.8184, 0.8196, 0.8152, 0.8178, 0.8156, 0.8166, 0.8163, 0.8171, 0.8197, 0.8169]]
Results: 	[[0.8294, 0.8303, 0.8301, 0.8285, 0.8301, 0.8282, 0.8295, 0.8306, 0.8283, 0.8287, 0.8316, 0.8296, 0.8289, 0.8271, 0.8304, 0.8299, 0.8296, 0.8294, 0.8288, 0.8327, 0.8286, 0.832, 0.8325], [0.7725, 0.7829, 0.7916, 0.7865, 0.7806, 0.784, 0.7881, 0.7744, 0.77, 0.7938, 0.772, 0.7761, 0.7941, 0.7835, 0.7849, 0.7733, 0.7866, 0.7914, 0.7857, 0.7747, 0.7767, 0.7887, 0.785], [0.8143, 0.8136, 0.8141, 0.802, 0.8153, 0.8135, 0.8131, 0.816, 0.8164, 0.8144, 0.8164, 0.8148, 0.8165, 0.8141, 0.8142, 0.8161, 0.8131, 0.814, 0.8177, 0.8145, 0.8135, 0.8139, 0.8133], [0.8325, 0.8312, 0.834, 0.8366, 0.8361, 0.8334, 0.8331, 0.8316, 0.8324, 0.8302, 0.8318, 0.8351, 0.8322, 0.8336, 0.829, 0.8301, 0.8338, 0.832, 0.8313, 0.8302, 0.8322, 0.8318, 0.8348], [0.8995, 0.907, 0.9022, 0.8974, 0.9041, 0.9045, 0.9048, 0.8994, 0.8986, 0.9029, 0.8971, 0.9042, 0.8983, 0.9082, 0.9034, 0.9067, 0.9072, 0.9055, 0.8956, 0.8995, 0.897, 0.8928, 0.8971], [0.8175, 0.8176, 0.8164, 0.8169, 0.8194, 0.8159, 0.8187, 0.8151, 0.8177, 0.8165, 0.8188, 0.8216, 0.8184, 0.8196, 0.8152, 0.8178, 0.8156, 0.8166, 0.8163, 0.8171, 0.8197, 0.8169, 0.8192]]
Results: 	[[0.8294, 0.8303, 0.8301, 0.8285, 0.8301, 0.8282, 0.8295, 0.8306, 0.8283, 0.8287, 0.8316, 0.8296, 0.8289, 0.8271, 0.8304, 0.8299, 0.8296, 0.8294, 0.8288, 0.8327, 0.8286, 0.832, 0.8325, 0.8287], [0.7725, 0.7829, 0.7916, 0.7865, 0.7806, 0.784, 0.7881, 0.7744, 0.77, 0.7938, 0.772, 0.7761, 0.7941, 0.7835, 0.7849, 0.7733, 0.7866, 0.7914, 0.7857, 0.7747, 0.7767, 0.7887, 0.785, 0.7818], [0.8143, 0.8136, 0.8141, 0.802, 0.8153, 0.8135, 0.8131, 0.816, 0.8164, 0.8144, 0.8164, 0.8148, 0.8165, 0.8141, 0.8142, 0.8161, 0.8131, 0.814, 0.8177, 0.8145, 0.8135, 0.8139, 0.8133, 0.8126], [0.8325, 0.8312, 0.834, 0.8366, 0.8361, 0.8334, 0.8331, 0.8316, 0.8324, 0.8302, 0.8318, 0.8351, 0.8322, 0.8336, 0.829, 0.8301, 0.8338, 0.832, 0.8313, 0.8302, 0.8322, 0.8318, 0.8348, 0.8323], [0.8995, 0.907, 0.9022, 0.8974, 0.9041, 0.9045, 0.9048, 0.8994, 0.8986, 0.9029, 0.8971, 0.9042, 0.8983, 0.9082, 0.9034, 0.9067, 0.9072, 0.9055, 0.8956, 0.8995, 0.897, 0.8928, 0.8971, 0.8979], [0.8175, 0.8176, 0.8164, 0.8169, 0.8194, 0.8159, 0.8187, 0.8151, 0.8177, 0.8165, 0.8188, 0.8216, 0.8184, 0.8196, 0.8152, 0.8178, 0.8156, 0.8166, 0.8163, 0.8171, 0.8197, 0.8169, 0.8192, 0.8156]]
Results: 	[[0.8294, 0.8303, 0.8301, 0.8285, 0.8301, 0.8282, 0.8295, 0.8306, 0.8283, 0.8287, 0.8316, 0.8296, 0.8289, 0.8271, 0.8304, 0.8299, 0.8296, 0.8294, 0.8288, 0.8327, 0.8286, 0.832, 0.8325, 0.8287, 0.8318], [0.7725, 0.7829, 0.7916, 0.7865, 0.7806, 0.784, 0.7881, 0.7744, 0.77, 0.7938, 0.772, 0.7761, 0.7941, 0.7835, 0.7849, 0.7733, 0.7866, 0.7914, 0.7857, 0.7747, 0.7767, 0.7887, 0.785, 0.7818, 0.7835], [0.8143, 0.8136, 0.8141, 0.802, 0.8153, 0.8135, 0.8131, 0.816, 0.8164, 0.8144, 0.8164, 0.8148, 0.8165, 0.8141, 0.8142, 0.8161, 0.8131, 0.814, 0.8177, 0.8145, 0.8135, 0.8139, 0.8133, 0.8126, 0.8144], [0.8325, 0.8312, 0.834, 0.8366, 0.8361, 0.8334, 0.8331, 0.8316, 0.8324, 0.8302, 0.8318, 0.8351, 0.8322, 0.8336, 0.829, 0.8301, 0.8338, 0.832, 0.8313, 0.8302, 0.8322, 0.8318, 0.8348, 0.8323, 0.8307], [0.8995, 0.907, 0.9022, 0.8974, 0.9041, 0.9045, 0.9048, 0.8994, 0.8986, 0.9029, 0.8971, 0.9042, 0.8983, 0.9082, 0.9034, 0.9067, 0.9072, 0.9055, 0.8956, 0.8995, 0.897, 0.8928, 0.8971, 0.8979, 0.9038], [0.8175, 0.8176, 0.8164, 0.8169, 0.8194, 0.8159, 0.8187, 0.8151, 0.8177, 0.8165, 0.8188, 0.8216, 0.8184, 0.8196, 0.8152, 0.8178, 0.8156, 0.8166, 0.8163, 0.8171, 0.8197, 0.8169, 0.8192, 0.8156, 0.8162]]
Results: 	[[0.8294, 0.8303, 0.8301, 0.8285, 0.8301, 0.8282, 0.8295, 0.8306, 0.8283, 0.8287, 0.8316, 0.8296, 0.8289, 0.8271, 0.8304, 0.8299, 0.8296, 0.8294, 0.8288, 0.8327, 0.8286, 0.832, 0.8325, 0.8287, 0.8318, 0.83], [0.7725, 0.7829, 0.7916, 0.7865, 0.7806, 0.784, 0.7881, 0.7744, 0.77, 0.7938, 0.772, 0.7761, 0.7941, 0.7835, 0.7849, 0.7733, 0.7866, 0.7914, 0.7857, 0.7747, 0.7767, 0.7887, 0.785, 0.7818, 0.7835, 0.7822], [0.8143, 0.8136, 0.8141, 0.802, 0.8153, 0.8135, 0.8131, 0.816, 0.8164, 0.8144, 0.8164, 0.8148, 0.8165, 0.8141, 0.8142, 0.8161, 0.8131, 0.814, 0.8177, 0.8145, 0.8135, 0.8139, 0.8133, 0.8126, 0.8144, 0.8087], [0.8325, 0.8312, 0.834, 0.8366, 0.8361, 0.8334, 0.8331, 0.8316, 0.8324, 0.8302, 0.8318, 0.8351, 0.8322, 0.8336, 0.829, 0.8301, 0.8338, 0.832, 0.8313, 0.8302, 0.8322, 0.8318, 0.8348, 0.8323, 0.8307, 0.831], [0.8995, 0.907, 0.9022, 0.8974, 0.9041, 0.9045, 0.9048, 0.8994, 0.8986, 0.9029, 0.8971, 0.9042, 0.8983, 0.9082, 0.9034, 0.9067, 0.9072, 0.9055, 0.8956, 0.8995, 0.897, 0.8928, 0.8971, 0.8979, 0.9038, 0.8952], [0.8175, 0.8176, 0.8164, 0.8169, 0.8194, 0.8159, 0.8187, 0.8151, 0.8177, 0.8165, 0.8188, 0.8216, 0.8184, 0.8196, 0.8152, 0.8178, 0.8156, 0.8166, 0.8163, 0.8171, 0.8197, 0.8169, 0.8192, 0.8156, 0.8162, 0.8176]]
Results: 	[[0.8294, 0.8303, 0.8301, 0.8285, 0.8301, 0.8282, 0.8295, 0.8306, 0.8283, 0.8287, 0.8316, 0.8296, 0.8289, 0.8271, 0.8304, 0.8299, 0.8296, 0.8294, 0.8288, 0.8327, 0.8286, 0.832, 0.8325, 0.8287, 0.8318, 0.83, 0.8303], [0.7725, 0.7829, 0.7916, 0.7865, 0.7806, 0.784, 0.7881, 0.7744, 0.77, 0.7938, 0.772, 0.7761, 0.7941, 0.7835, 0.7849, 0.7733, 0.7866, 0.7914, 0.7857, 0.7747, 0.7767, 0.7887, 0.785, 0.7818, 0.7835, 0.7822, 0.7803], [0.8143, 0.8136, 0.8141, 0.802, 0.8153, 0.8135, 0.8131, 0.816, 0.8164, 0.8144, 0.8164, 0.8148, 0.8165, 0.8141, 0.8142, 0.8161, 0.8131, 0.814, 0.8177, 0.8145, 0.8135, 0.8139, 0.8133, 0.8126, 0.8144, 0.8087, 0.8161], [0.8325, 0.8312, 0.834, 0.8366, 0.8361, 0.8334, 0.8331, 0.8316, 0.8324, 0.8302, 0.8318, 0.8351, 0.8322, 0.8336, 0.829, 0.8301, 0.8338, 0.832, 0.8313, 0.8302, 0.8322, 0.8318, 0.8348, 0.8323, 0.8307, 0.831, 0.8317], [0.8995, 0.907, 0.9022, 0.8974, 0.9041, 0.9045, 0.9048, 0.8994, 0.8986, 0.9029, 0.8971, 0.9042, 0.8983, 0.9082, 0.9034, 0.9067, 0.9072, 0.9055, 0.8956, 0.8995, 0.897, 0.8928, 0.8971, 0.8979, 0.9038, 0.8952, 0.9006], [0.8175, 0.8176, 0.8164, 0.8169, 0.8194, 0.8159, 0.8187, 0.8151, 0.8177, 0.8165, 0.8188, 0.8216, 0.8184, 0.8196, 0.8152, 0.8178, 0.8156, 0.8166, 0.8163, 0.8171, 0.8197, 0.8169, 0.8192, 0.8156, 0.8162, 0.8176, 0.8177]]
Results: 	[[0.8294, 0.8303, 0.8301, 0.8285, 0.8301, 0.8282, 0.8295, 0.8306, 0.8283, 0.8287, 0.8316, 0.8296, 0.8289, 0.8271, 0.8304, 0.8299, 0.8296, 0.8294, 0.8288, 0.8327, 0.8286, 0.832, 0.8325, 0.8287, 0.8318, 0.83, 0.8303, 0.8314], [0.7725, 0.7829, 0.7916, 0.7865, 0.7806, 0.784, 0.7881, 0.7744, 0.77, 0.7938, 0.772, 0.7761, 0.7941, 0.7835, 0.7849, 0.7733, 0.7866, 0.7914, 0.7857, 0.7747, 0.7767, 0.7887, 0.785, 0.7818, 0.7835, 0.7822, 0.7803, 0.78], [0.8143, 0.8136, 0.8141, 0.802, 0.8153, 0.8135, 0.8131, 0.816, 0.8164, 0.8144, 0.8164, 0.8148, 0.8165, 0.8141, 0.8142, 0.8161, 0.8131, 0.814, 0.8177, 0.8145, 0.8135, 0.8139, 0.8133, 0.8126, 0.8144, 0.8087, 0.8161, 0.816], [0.8325, 0.8312, 0.834, 0.8366, 0.8361, 0.8334, 0.8331, 0.8316, 0.8324, 0.8302, 0.8318, 0.8351, 0.8322, 0.8336, 0.829, 0.8301, 0.8338, 0.832, 0.8313, 0.8302, 0.8322, 0.8318, 0.8348, 0.8323, 0.8307, 0.831, 0.8317, 0.8323], [0.8995, 0.907, 0.9022, 0.8974, 0.9041, 0.9045, 0.9048, 0.8994, 0.8986, 0.9029, 0.8971, 0.9042, 0.8983, 0.9082, 0.9034, 0.9067, 0.9072, 0.9055, 0.8956, 0.8995, 0.897, 0.8928, 0.8971, 0.8979, 0.9038, 0.8952, 0.9006, 0.9007], [0.8175, 0.8176, 0.8164, 0.8169, 0.8194, 0.8159, 0.8187, 0.8151, 0.8177, 0.8165, 0.8188, 0.8216, 0.8184, 0.8196, 0.8152, 0.8178, 0.8156, 0.8166, 0.8163, 0.8171, 0.8197, 0.8169, 0.8192, 0.8156, 0.8162, 0.8176, 0.8177, 0.8174]]
Results: 	[[0.8294, 0.8303, 0.8301, 0.8285, 0.8301, 0.8282, 0.8295, 0.8306, 0.8283, 0.8287, 0.8316, 0.8296, 0.8289, 0.8271, 0.8304, 0.8299, 0.8296, 0.8294, 0.8288, 0.8327, 0.8286, 0.832, 0.8325, 0.8287, 0.8318, 0.83, 0.8303, 0.8314, 0.8289], [0.7725, 0.7829, 0.7916, 0.7865, 0.7806, 0.784, 0.7881, 0.7744, 0.77, 0.7938, 0.772, 0.7761, 0.7941, 0.7835, 0.7849, 0.7733, 0.7866, 0.7914, 0.7857, 0.7747, 0.7767, 0.7887, 0.785, 0.7818, 0.7835, 0.7822, 0.7803, 0.78, 0.7804], [0.8143, 0.8136, 0.8141, 0.802, 0.8153, 0.8135, 0.8131, 0.816, 0.8164, 0.8144, 0.8164, 0.8148, 0.8165, 0.8141, 0.8142, 0.8161, 0.8131, 0.814, 0.8177, 0.8145, 0.8135, 0.8139, 0.8133, 0.8126, 0.8144, 0.8087, 0.8161, 0.816, 0.8099], [0.8325, 0.8312, 0.834, 0.8366, 0.8361, 0.8334, 0.8331, 0.8316, 0.8324, 0.8302, 0.8318, 0.8351, 0.8322, 0.8336, 0.829, 0.8301, 0.8338, 0.832, 0.8313, 0.8302, 0.8322, 0.8318, 0.8348, 0.8323, 0.8307, 0.831, 0.8317, 0.8323, 0.8335], [0.8995, 0.907, 0.9022, 0.8974, 0.9041, 0.9045, 0.9048, 0.8994, 0.8986, 0.9029, 0.8971, 0.9042, 0.8983, 0.9082, 0.9034, 0.9067, 0.9072, 0.9055, 0.8956, 0.8995, 0.897, 0.8928, 0.8971, 0.8979, 0.9038, 0.8952, 0.9006, 0.9007, 0.9014], [0.8175, 0.8176, 0.8164, 0.8169, 0.8194, 0.8159, 0.8187, 0.8151, 0.8177, 0.8165, 0.8188, 0.8216, 0.8184, 0.8196, 0.8152, 0.8178, 0.8156, 0.8166, 0.8163, 0.8171, 0.8197, 0.8169, 0.8192, 0.8156, 0.8162, 0.8176, 0.8177, 0.8174, 0.817]]
Results: 	[[0.8294, 0.8303, 0.8301, 0.8285, 0.8301, 0.8282, 0.8295, 0.8306, 0.8283, 0.8287, 0.8316, 0.8296, 0.8289, 0.8271, 0.8304, 0.8299, 0.8296, 0.8294, 0.8288, 0.8327, 0.8286, 0.832, 0.8325, 0.8287, 0.8318, 0.83, 0.8303, 0.8314, 0.8289, 0.8286], [0.7725, 0.7829, 0.7916, 0.7865, 0.7806, 0.784, 0.7881, 0.7744, 0.77, 0.7938, 0.772, 0.7761, 0.7941, 0.7835, 0.7849, 0.7733, 0.7866, 0.7914, 0.7857, 0.7747, 0.7767, 0.7887, 0.785, 0.7818, 0.7835, 0.7822, 0.7803, 0.78, 0.7804, 0.793], [0.8143, 0.8136, 0.8141, 0.802, 0.8153, 0.8135, 0.8131, 0.816, 0.8164, 0.8144, 0.8164, 0.8148, 0.8165, 0.8141, 0.8142, 0.8161, 0.8131, 0.814, 0.8177, 0.8145, 0.8135, 0.8139, 0.8133, 0.8126, 0.8144, 0.8087, 0.8161, 0.816, 0.8099, 0.8138], [0.8325, 0.8312, 0.834, 0.8366, 0.8361, 0.8334, 0.8331, 0.8316, 0.8324, 0.8302, 0.8318, 0.8351, 0.8322, 0.8336, 0.829, 0.8301, 0.8338, 0.832, 0.8313, 0.8302, 0.8322, 0.8318, 0.8348, 0.8323, 0.8307, 0.831, 0.8317, 0.8323, 0.8335, 0.8324], [0.8995, 0.907, 0.9022, 0.8974, 0.9041, 0.9045, 0.9048, 0.8994, 0.8986, 0.9029, 0.8971, 0.9042, 0.8983, 0.9082, 0.9034, 0.9067, 0.9072, 0.9055, 0.8956, 0.8995, 0.897, 0.8928, 0.8971, 0.8979, 0.9038, 0.8952, 0.9006, 0.9007, 0.9014, 0.907], [0.8175, 0.8176, 0.8164, 0.8169, 0.8194, 0.8159, 0.8187, 0.8151, 0.8177, 0.8165, 0.8188, 0.8216, 0.8184, 0.8196, 0.8152, 0.8178, 0.8156, 0.8166, 0.8163, 0.8171, 0.8197, 0.8169, 0.8192, 0.8156, 0.8162, 0.8176, 0.8177, 0.8174, 0.817, 0.8185]]

-----------------------------------------------------------------
Task                                            Acc         F1      AUROC  (mean±std)
-----------------------------------------------------------------
Renal and urinary disorders              0.7405±0.0315  0.7795±0.0419  0.8298±0.0013
Pregnancy, puerperium and perinatal conditions 0.7067±0.0672  0.2882±0.0230  0.7826±0.0067
Ear and labyrinth disorders              0.7345±0.0085  0.7204±0.0221  0.8139±0.0029
Cardiac disorders                        0.7454±0.0356  0.8011±0.0438  0.8324±0.0017
Nervous system disorders                 0.7936±0.0497  0.8746±0.0347  0.9013±0.0041
Injury, poisoning and procedural complications 0.7282±0.0263  0.7775±0.0375  0.8175±0.0015

OVERALL AVERAGE                          0.7415              0.7069              0.8296
-----------------------------------------------------------------
