
=================================================================
Variant : CNN-only  |  5-shot
Dataset : sider  |  K_shot=5
Tasks   : ['Renal and urinary disorders', 'Pregnancy, puerperium and perinatal conditions', 'Ear and labyrinth disorders', 'Cardiac disorders', 'Nervous system disorders', 'Injury, poisoning and procedural complications']
=================================================================
Results: 	[[0.8186], [0.7581], [0.7968], [0.8107], [0.8562], [0.7981]]
Results: 	[[0.8186, 0.8182], [0.7581, 0.7499], [0.7968, 0.795], [0.8107, 0.8141], [0.8562, 0.8622], [0.7981, 0.7993]]
Results: 	[[0.8186, 0.8182, 0.8204], [0.7581, 0.7499, 0.7625], [0.7968, 0.795, 0.7946], [0.8107, 0.8141, 0.8126], [0.8562, 0.8622, 0.8638], [0.7981, 0.7993, 0.7983]]
Results: 	[[0.8186, 0.8182, 0.8204, 0.8189], [0.7581, 0.7499, 0.7625, 0.7512], [0.7968, 0.795, 0.7946, 0.798], [0.8107, 0.8141, 0.8126, 0.8116], [0.8562, 0.8622, 0.8638, 0.8622], [0.7981, 0.7993, 0.7983, 0.7972]]
Results: 	[[0.8186, 0.8182, 0.8204, 0.8189, 0.8198], [0.7581, 0.7499, 0.7625, 0.7512, 0.7498], [0.7968, 0.795, 0.7946, 0.798, 0.7958], [0.8107, 0.8141, 0.8126, 0.8116, 0.8118], [0.8562, 0.8622, 0.8638, 0.8622, 0.8593], [0.7981, 0.7993, 0.7983, 0.7972, 0.7983]]
Results: 	[[0.8186, 0.8182, 0.8204, 0.8189, 0.8198, 0.82], [0.7581, 0.7499, 0.7625, 0.7512, 0.7498, 0.7513], [0.7968, 0.795, 0.7946, 0.798, 0.7958, 0.7964], [0.8107, 0.8141, 0.8126, 0.8116, 0.8118, 0.8141], [0.8562, 0.8622, 0.8638, 0.8622, 0.8593, 0.8633], [0.7981, 0.7993, 0.7983, 0.7972, 0.7983, 0.7993]]
Results: 	[[0.8186, 0.8182, 0.8204, 0.8189, 0.8198, 0.82, 0.8179], [0.7581, 0.7499, 0.7625, 0.7512, 0.7498, 0.7513, 0.7565], [0.7968, 0.795, 0.7946, 0.798, 0.7958, 0.7964, 0.7961], [0.8107, 0.8141, 0.8126, 0.8116, 0.8118, 0.8141, 0.8119], [0.8562, 0.8622, 0.8638, 0.8622, 0.8593, 0.8633, 0.8567], [0.7981, 0.7993, 0.7983, 0.7972, 0.7983, 0.7993, 0.7975]]
Results: 	[[0.8186, 0.8182, 0.8204, 0.8189, 0.8198, 0.82, 0.8179, 0.82], [0.7581, 0.7499, 0.7625, 0.7512, 0.7498, 0.7513, 0.7565, 0.646], [0.7968, 0.795, 0.7946, 0.798, 0.7958, 0.7964, 0.7961, 0.7979], [0.8107, 0.8141, 0.8126, 0.8116, 0.8118, 0.8141, 0.8119, 0.8118], [0.8562, 0.8622, 0.8638, 0.8622, 0.8593, 0.8633, 0.8567, 0.8614], [0.7981, 0.7993, 0.7983, 0.7972, 0.7983, 0.7993, 0.7975, 0.7982]]
Results: 	[[0.8186, 0.8182, 0.8204, 0.8189, 0.8198, 0.82, 0.8179, 0.82, 0.8212], [0.7581, 0.7499, 0.7625, 0.7512, 0.7498, 0.7513, 0.7565, 0.646, 0.7563], [0.7968, 0.795, 0.7946, 0.798, 0.7958, 0.7964, 0.7961, 0.7979, 0.7942], [0.8107, 0.8141, 0.8126, 0.8116, 0.8118, 0.8141, 0.8119, 0.8118, 0.8109], [0.8562, 0.8622, 0.8638, 0.8622, 0.8593, 0.8633, 0.8567, 0.8614, 0.8635], [0.7981, 0.7993, 0.7983, 0.7972, 0.7983, 0.7993, 0.7975, 0.7982, 0.7978]]
Results: 	[[0.8186, 0.8182, 0.8204, 0.8189, 0.8198, 0.82, 0.8179, 0.82, 0.8212, 0.8177], [0.7581, 0.7499, 0.7625, 0.7512, 0.7498, 0.7513, 0.7565, 0.646, 0.7563, 0.7523], [0.7968, 0.795, 0.7946, 0.798, 0.7958, 0.7964, 0.7961, 0.7979, 0.7942, 0.7952], [0.8107, 0.8141, 0.8126, 0.8116, 0.8118, 0.8141, 0.8119, 0.8118, 0.8109, 0.8124], [0.8562, 0.8622, 0.8638, 0.8622, 0.8593, 0.8633, 0.8567, 0.8614, 0.8635, 0.8603], [0.7981, 0.7993, 0.7983, 0.7972, 0.7983, 0.7993, 0.7975, 0.7982, 0.7978, 0.7993]]

=================================================================
Variant : CNN-only  |  5-shot
Dataset : sider  |  K_shot=5
Tasks   : ['Renal and urinary disorders', 'Pregnancy, puerperium and perinatal conditions', 'Ear and labyrinth disorders', 'Cardiac disorders', 'Nervous system disorders', 'Injury, poisoning and procedural complications']
=================================================================
Results: 	[[0.8181], [0.7529], [0.7966], [0.814], [0.8613], [0.7979]]
Results: 	[[0.8181, 0.8203], [0.7529, 0.7567], [0.7966, 0.7974], [0.814, 0.8115], [0.8613, 0.8585], [0.7979, 0.7981]]
Results: 	[[0.8181, 0.8203, 0.8198], [0.7529, 0.7567, 0.7532], [0.7966, 0.7974, 0.7941], [0.814, 0.8115, 0.8135], [0.8613, 0.8585, 0.8582], [0.7979, 0.7981, 0.8006]]
Results: 	[[0.8181, 0.8203, 0.8198, 0.8204], [0.7529, 0.7567, 0.7532, 0.7567], [0.7966, 0.7974, 0.7941, 0.7952], [0.814, 0.8115, 0.8135, 0.813], [0.8613, 0.8585, 0.8582, 0.862], [0.7979, 0.7981, 0.8006, 0.7993]]
Results: 	[[0.8181, 0.8203, 0.8198, 0.8204, 0.8213], [0.7529, 0.7567, 0.7532, 0.7567, 0.7505], [0.7966, 0.7974, 0.7941, 0.7952, 0.7969], [0.814, 0.8115, 0.8135, 0.813, 0.8099], [0.8613, 0.8585, 0.8582, 0.862, 0.8567], [0.7979, 0.7981, 0.8006, 0.7993, 0.8001]]
Results: 	[[0.8181, 0.8203, 0.8198, 0.8204, 0.8213, 0.8209], [0.7529, 0.7567, 0.7532, 0.7567, 0.7505, 0.2402], [0.7966, 0.7974, 0.7941, 0.7952, 0.7969, 0.7942], [0.814, 0.8115, 0.8135, 0.813, 0.8099, 0.8103], [0.8613, 0.8585, 0.8582, 0.862, 0.8567, 0.8665], [0.7979, 0.7981, 0.8006, 0.7993, 0.8001, 0.7988]]
Results: 	[[0.8181, 0.8203, 0.8198, 0.8204, 0.8213, 0.8209, 0.8206], [0.7529, 0.7567, 0.7532, 0.7567, 0.7505, 0.2402, 0.757], [0.7966, 0.7974, 0.7941, 0.7952, 0.7969, 0.7942, 0.7944], [0.814, 0.8115, 0.8135, 0.813, 0.8099, 0.8103, 0.8103], [0.8613, 0.8585, 0.8582, 0.862, 0.8567, 0.8665, 0.8657], [0.7979, 0.7981, 0.8006, 0.7993, 0.8001, 0.7988, 0.7971]]
Results: 	[[0.8181, 0.8203, 0.8198, 0.8204, 0.8213, 0.8209, 0.8206, 0.8189], [0.7529, 0.7567, 0.7532, 0.7567, 0.7505, 0.2402, 0.757, 0.7516], [0.7966, 0.7974, 0.7941, 0.7952, 0.7969, 0.7942, 0.7944, 0.7948], [0.814, 0.8115, 0.8135, 0.813, 0.8099, 0.8103, 0.8103, 0.8116], [0.8613, 0.8585, 0.8582, 0.862, 0.8567, 0.8665, 0.8657, 0.8607], [0.7979, 0.7981, 0.8006, 0.7993, 0.8001, 0.7988, 0.7971, 0.8002]]
Results: 	[[0.8181, 0.8203, 0.8198, 0.8204, 0.8213, 0.8209, 0.8206, 0.8189, 0.8201], [0.7529, 0.7567, 0.7532, 0.7567, 0.7505, 0.2402, 0.757, 0.7516, 0.7475], [0.7966, 0.7974, 0.7941, 0.7952, 0.7969, 0.7942, 0.7944, 0.7948, 0.7948], [0.814, 0.8115, 0.8135, 0.813, 0.8099, 0.8103, 0.8103, 0.8116, 0.812], [0.8613, 0.8585, 0.8582, 0.862, 0.8567, 0.8665, 0.8657, 0.8607, 0.8557], [0.7979, 0.7981, 0.8006, 0.7993, 0.8001, 0.7988, 0.7971, 0.8002, 0.7981]]
Results: 	[[0.8181, 0.8203, 0.8198, 0.8204, 0.8213, 0.8209, 0.8206, 0.8189, 0.8201, 0.8198], [0.7529, 0.7567, 0.7532, 0.7567, 0.7505, 0.2402, 0.757, 0.7516, 0.7475, 0.7543], [0.7966, 0.7974, 0.7941, 0.7952, 0.7969, 0.7942, 0.7944, 0.7948, 0.7948, 0.7984], [0.814, 0.8115, 0.8135, 0.813, 0.8099, 0.8103, 0.8103, 0.8116, 0.812, 0.8131], [0.8613, 0.8585, 0.8582, 0.862, 0.8567, 0.8665, 0.8657, 0.8607, 0.8557, 0.8609], [0.7979, 0.7981, 0.8006, 0.7993, 0.8001, 0.7988, 0.7971, 0.8002, 0.7981, 0.798]]
Results: 	[[0.8181, 0.8203, 0.8198, 0.8204, 0.8213, 0.8209, 0.8206, 0.8189, 0.8201, 0.8198, 0.8181], [0.7529, 0.7567, 0.7532, 0.7567, 0.7505, 0.2402, 0.757, 0.7516, 0.7475, 0.7543, 0.7549], [0.7966, 0.7974, 0.7941, 0.7952, 0.7969, 0.7942, 0.7944, 0.7948, 0.7948, 0.7984, 0.7952], [0.814, 0.8115, 0.8135, 0.813, 0.8099, 0.8103, 0.8103, 0.8116, 0.812, 0.8131, 0.8139], [0.8613, 0.8585, 0.8582, 0.862, 0.8567, 0.8665, 0.8657, 0.8607, 0.8557, 0.8609, 0.8596], [0.7979, 0.7981, 0.8006, 0.7993, 0.8001, 0.7988, 0.7971, 0.8002, 0.7981, 0.798, 0.7972]]
Results: 	[[0.8181, 0.8203, 0.8198, 0.8204, 0.8213, 0.8209, 0.8206, 0.8189, 0.8201, 0.8198, 0.8181, 0.8179], [0.7529, 0.7567, 0.7532, 0.7567, 0.7505, 0.2402, 0.757, 0.7516, 0.7475, 0.7543, 0.7549, 0.7557], [0.7966, 0.7974, 0.7941, 0.7952, 0.7969, 0.7942, 0.7944, 0.7948, 0.7948, 0.7984, 0.7952, 0.7971], [0.814, 0.8115, 0.8135, 0.813, 0.8099, 0.8103, 0.8103, 0.8116, 0.812, 0.8131, 0.8139, 0.8112], [0.8613, 0.8585, 0.8582, 0.862, 0.8567, 0.8665, 0.8657, 0.8607, 0.8557, 0.8609, 0.8596, 0.8568], [0.7979, 0.7981, 0.8006, 0.7993, 0.8001, 0.7988, 0.7971, 0.8002, 0.7981, 0.798, 0.7972, 0.7968]]
Results: 	[[0.8181, 0.8203, 0.8198, 0.8204, 0.8213, 0.8209, 0.8206, 0.8189, 0.8201, 0.8198, 0.8181, 0.8179, 0.82], [0.7529, 0.7567, 0.7532, 0.7567, 0.7505, 0.2402, 0.757, 0.7516, 0.7475, 0.7543, 0.7549, 0.7557, 0.7555], [0.7966, 0.7974, 0.7941, 0.7952, 0.7969, 0.7942, 0.7944, 0.7948, 0.7948, 0.7984, 0.7952, 0.7971, 0.7958], [0.814, 0.8115, 0.8135, 0.813, 0.8099, 0.8103, 0.8103, 0.8116, 0.812, 0.8131, 0.8139, 0.8112, 0.1884], [0.8613, 0.8585, 0.8582, 0.862, 0.8567, 0.8665, 0.8657, 0.8607, 0.8557, 0.8609, 0.8596, 0.8568, 0.862], [0.7979, 0.7981, 0.8006, 0.7993, 0.8001, 0.7988, 0.7971, 0.8002, 0.7981, 0.798, 0.7972, 0.7968, 0.797]]
Results: 	[[0.8181, 0.8203, 0.8198, 0.8204, 0.8213, 0.8209, 0.8206, 0.8189, 0.8201, 0.8198, 0.8181, 0.8179, 0.82, 0.8193], [0.7529, 0.7567, 0.7532, 0.7567, 0.7505, 0.2402, 0.757, 0.7516, 0.7475, 0.7543, 0.7549, 0.7557, 0.7555, 0.7507], [0.7966, 0.7974, 0.7941, 0.7952, 0.7969, 0.7942, 0.7944, 0.7948, 0.7948, 0.7984, 0.7952, 0.7971, 0.7958, 0.7956], [0.814, 0.8115, 0.8135, 0.813, 0.8099, 0.8103, 0.8103, 0.8116, 0.812, 0.8131, 0.8139, 0.8112, 0.1884, 0.8122], [0.8613, 0.8585, 0.8582, 0.862, 0.8567, 0.8665, 0.8657, 0.8607, 0.8557, 0.8609, 0.8596, 0.8568, 0.862, 0.8603], [0.7979, 0.7981, 0.8006, 0.7993, 0.8001, 0.7988, 0.7971, 0.8002, 0.7981, 0.798, 0.7972, 0.7968, 0.797, 0.7996]]
Results: 	[[0.8181, 0.8203, 0.8198, 0.8204, 0.8213, 0.8209, 0.8206, 0.8189, 0.8201, 0.8198, 0.8181, 0.8179, 0.82, 0.8193, 0.8197], [0.7529, 0.7567, 0.7532, 0.7567, 0.7505, 0.2402, 0.757, 0.7516, 0.7475, 0.7543, 0.7549, 0.7557, 0.7555, 0.7507, 0.7598], [0.7966, 0.7974, 0.7941, 0.7952, 0.7969, 0.7942, 0.7944, 0.7948, 0.7948, 0.7984, 0.7952, 0.7971, 0.7958, 0.7956, 0.7957], [0.814, 0.8115, 0.8135, 0.813, 0.8099, 0.8103, 0.8103, 0.8116, 0.812, 0.8131, 0.8139, 0.8112, 0.1884, 0.8122, 0.8115], [0.8613, 0.8585, 0.8582, 0.862, 0.8567, 0.8665, 0.8657, 0.8607, 0.8557, 0.8609, 0.8596, 0.8568, 0.862, 0.8603, 0.8615], [0.7979, 0.7981, 0.8006, 0.7993, 0.8001, 0.7988, 0.7971, 0.8002, 0.7981, 0.798, 0.7972, 0.7968, 0.797, 0.7996, 0.7974]]
Results: 	[[0.8181, 0.8203, 0.8198, 0.8204, 0.8213, 0.8209, 0.8206, 0.8189, 0.8201, 0.8198, 0.8181, 0.8179, 0.82, 0.8193, 0.8197, 0.8187], [0.7529, 0.7567, 0.7532, 0.7567, 0.7505, 0.2402, 0.757, 0.7516, 0.7475, 0.7543, 0.7549, 0.7557, 0.7555, 0.7507, 0.7598, 0.7521], [0.7966, 0.7974, 0.7941, 0.7952, 0.7969, 0.7942, 0.7944, 0.7948, 0.7948, 0.7984, 0.7952, 0.7971, 0.7958, 0.7956, 0.7957, 0.7959], [0.814, 0.8115, 0.8135, 0.813, 0.8099, 0.8103, 0.8103, 0.8116, 0.812, 0.8131, 0.8139, 0.8112, 0.1884, 0.8122, 0.8115, 0.8127], [0.8613, 0.8585, 0.8582, 0.862, 0.8567, 0.8665, 0.8657, 0.8607, 0.8557, 0.8609, 0.8596, 0.8568, 0.862, 0.8603, 0.8615, 0.8563], [0.7979, 0.7981, 0.8006, 0.7993, 0.8001, 0.7988, 0.7971, 0.8002, 0.7981, 0.798, 0.7972, 0.7968, 0.797, 0.7996, 0.7974, 0.7976]]
Results: 	[[0.8181, 0.8203, 0.8198, 0.8204, 0.8213, 0.8209, 0.8206, 0.8189, 0.8201, 0.8198, 0.8181, 0.8179, 0.82, 0.8193, 0.8197, 0.8187, 0.82], [0.7529, 0.7567, 0.7532, 0.7567, 0.7505, 0.2402, 0.757, 0.7516, 0.7475, 0.7543, 0.7549, 0.7557, 0.7555, 0.7507, 0.7598, 0.7521, 0.755], [0.7966, 0.7974, 0.7941, 0.7952, 0.7969, 0.7942, 0.7944, 0.7948, 0.7948, 0.7984, 0.7952, 0.7971, 0.7958, 0.7956, 0.7957, 0.7959, 0.7957], [0.814, 0.8115, 0.8135, 0.813, 0.8099, 0.8103, 0.8103, 0.8116, 0.812, 0.8131, 0.8139, 0.8112, 0.1884, 0.8122, 0.8115, 0.8127, 0.8117], [0.8613, 0.8585, 0.8582, 0.862, 0.8567, 0.8665, 0.8657, 0.8607, 0.8557, 0.8609, 0.8596, 0.8568, 0.862, 0.8603, 0.8615, 0.8563, 0.8628], [0.7979, 0.7981, 0.8006, 0.7993, 0.8001, 0.7988, 0.7971, 0.8002, 0.7981, 0.798, 0.7972, 0.7968, 0.797, 0.7996, 0.7974, 0.7976, 0.7981]]
Results: 	[[0.8181, 0.8203, 0.8198, 0.8204, 0.8213, 0.8209, 0.8206, 0.8189, 0.8201, 0.8198, 0.8181, 0.8179, 0.82, 0.8193, 0.8197, 0.8187, 0.82, 0.819], [0.7529, 0.7567, 0.7532, 0.7567, 0.7505, 0.2402, 0.757, 0.7516, 0.7475, 0.7543, 0.7549, 0.7557, 0.7555, 0.7507, 0.7598, 0.7521, 0.755, 0.7507], [0.7966, 0.7974, 0.7941, 0.7952, 0.7969, 0.7942, 0.7944, 0.7948, 0.7948, 0.7984, 0.7952, 0.7971, 0.7958, 0.7956, 0.7957, 0.7959, 0.7957, 0.795], [0.814, 0.8115, 0.8135, 0.813, 0.8099, 0.8103, 0.8103, 0.8116, 0.812, 0.8131, 0.8139, 0.8112, 0.1884, 0.8122, 0.8115, 0.8127, 0.8117, 0.8113], [0.8613, 0.8585, 0.8582, 0.862, 0.8567, 0.8665, 0.8657, 0.8607, 0.8557, 0.8609, 0.8596, 0.8568, 0.862, 0.8603, 0.8615, 0.8563, 0.8628, 0.8622], [0.7979, 0.7981, 0.8006, 0.7993, 0.8001, 0.7988, 0.7971, 0.8002, 0.7981, 0.798, 0.7972, 0.7968, 0.797, 0.7996, 0.7974, 0.7976, 0.7981, 0.1976]]
Results: 	[[0.8181, 0.8203, 0.8198, 0.8204, 0.8213, 0.8209, 0.8206, 0.8189, 0.8201, 0.8198, 0.8181, 0.8179, 0.82, 0.8193, 0.8197, 0.8187, 0.82, 0.819, 0.8196], [0.7529, 0.7567, 0.7532, 0.7567, 0.7505, 0.2402, 0.757, 0.7516, 0.7475, 0.7543, 0.7549, 0.7557, 0.7555, 0.7507, 0.7598, 0.7521, 0.755, 0.7507, 0.3066], [0.7966, 0.7974, 0.7941, 0.7952, 0.7969, 0.7942, 0.7944, 0.7948, 0.7948, 0.7984, 0.7952, 0.7971, 0.7958, 0.7956, 0.7957, 0.7959, 0.7957, 0.795, 0.7947], [0.814, 0.8115, 0.8135, 0.813, 0.8099, 0.8103, 0.8103, 0.8116, 0.812, 0.8131, 0.8139, 0.8112, 0.1884, 0.8122, 0.8115, 0.8127, 0.8117, 0.8113, 0.8113], [0.8613, 0.8585, 0.8582, 0.862, 0.8567, 0.8665, 0.8657, 0.8607, 0.8557, 0.8609, 0.8596, 0.8568, 0.862, 0.8603, 0.8615, 0.8563, 0.8628, 0.8622, 0.8561], [0.7979, 0.7981, 0.8006, 0.7993, 0.8001, 0.7988, 0.7971, 0.8002, 0.7981, 0.798, 0.7972, 0.7968, 0.797, 0.7996, 0.7974, 0.7976, 0.7981, 0.1976, 0.7979]]
Results: 	[[0.8181, 0.8203, 0.8198, 0.8204, 0.8213, 0.8209, 0.8206, 0.8189, 0.8201, 0.8198, 0.8181, 0.8179, 0.82, 0.8193, 0.8197, 0.8187, 0.82, 0.819, 0.8196, 0.8202], [0.7529, 0.7567, 0.7532, 0.7567, 0.7505, 0.2402, 0.757, 0.7516, 0.7475, 0.7543, 0.7549, 0.7557, 0.7555, 0.7507, 0.7598, 0.7521, 0.755, 0.7507, 0.3066, 0.7512], [0.7966, 0.7974, 0.7941, 0.7952, 0.7969, 0.7942, 0.7944, 0.7948, 0.7948, 0.7984, 0.7952, 0.7971, 0.7958, 0.7956, 0.7957, 0.7959, 0.7957, 0.795, 0.7947, 0.7965], [0.814, 0.8115, 0.8135, 0.813, 0.8099, 0.8103, 0.8103, 0.8116, 0.812, 0.8131, 0.8139, 0.8112, 0.1884, 0.8122, 0.8115, 0.8127, 0.8117, 0.8113, 0.8113, 0.8112], [0.8613, 0.8585, 0.8582, 0.862, 0.8567, 0.8665, 0.8657, 0.8607, 0.8557, 0.8609, 0.8596, 0.8568, 0.862, 0.8603, 0.8615, 0.8563, 0.8628, 0.8622, 0.8561, 0.8567], [0.7979, 0.7981, 0.8006, 0.7993, 0.8001, 0.7988, 0.7971, 0.8002, 0.7981, 0.798, 0.7972, 0.7968, 0.797, 0.7996, 0.7974, 0.7976, 0.7981, 0.1976, 0.7979, 0.799]]
Results: 	[[0.8181, 0.8203, 0.8198, 0.8204, 0.8213, 0.8209, 0.8206, 0.8189, 0.8201, 0.8198, 0.8181, 0.8179, 0.82, 0.8193, 0.8197, 0.8187, 0.82, 0.819, 0.8196, 0.8202, 0.8192], [0.7529, 0.7567, 0.7532, 0.7567, 0.7505, 0.2402, 0.757, 0.7516, 0.7475, 0.7543, 0.7549, 0.7557, 0.7555, 0.7507, 0.7598, 0.7521, 0.755, 0.7507, 0.3066, 0.7512, 0.7515], [0.7966, 0.7974, 0.7941, 0.7952, 0.7969, 0.7942, 0.7944, 0.7948, 0.7948, 0.7984, 0.7952, 0.7971, 0.7958, 0.7956, 0.7957, 0.7959, 0.7957, 0.795, 0.7947, 0.7965, 0.7953], [0.814, 0.8115, 0.8135, 0.813, 0.8099, 0.8103, 0.8103, 0.8116, 0.812, 0.8131, 0.8139, 0.8112, 0.1884, 0.8122, 0.8115, 0.8127, 0.8117, 0.8113, 0.8113, 0.8112, 0.811], [0.8613, 0.8585, 0.8582, 0.862, 0.8567, 0.8665, 0.8657, 0.8607, 0.8557, 0.8609, 0.8596, 0.8568, 0.862, 0.8603, 0.8615, 0.8563, 0.8628, 0.8622, 0.8561, 0.8567, 0.857], [0.7979, 0.7981, 0.8006, 0.7993, 0.8001, 0.7988, 0.7971, 0.8002, 0.7981, 0.798, 0.7972, 0.7968, 0.797, 0.7996, 0.7974, 0.7976, 0.7981, 0.1976, 0.7979, 0.799, 0.798]]
Results: 	[[0.8181, 0.8203, 0.8198, 0.8204, 0.8213, 0.8209, 0.8206, 0.8189, 0.8201, 0.8198, 0.8181, 0.8179, 0.82, 0.8193, 0.8197, 0.8187, 0.82, 0.819, 0.8196, 0.8202, 0.8192, 0.8198], [0.7529, 0.7567, 0.7532, 0.7567, 0.7505, 0.2402, 0.757, 0.7516, 0.7475, 0.7543, 0.7549, 0.7557, 0.7555, 0.7507, 0.7598, 0.7521, 0.755, 0.7507, 0.3066, 0.7512, 0.7515, 0.2399], [0.7966, 0.7974, 0.7941, 0.7952, 0.7969, 0.7942, 0.7944, 0.7948, 0.7948, 0.7984, 0.7952, 0.7971, 0.7958, 0.7956, 0.7957, 0.7959, 0.7957, 0.795, 0.7947, 0.7965, 0.7953, 0.2044], [0.814, 0.8115, 0.8135, 0.813, 0.8099, 0.8103, 0.8103, 0.8116, 0.812, 0.8131, 0.8139, 0.8112, 0.1884, 0.8122, 0.8115, 0.8127, 0.8117, 0.8113, 0.8113, 0.8112, 0.811, 0.8121], [0.8613, 0.8585, 0.8582, 0.862, 0.8567, 0.8665, 0.8657, 0.8607, 0.8557, 0.8609, 0.8596, 0.8568, 0.862, 0.8603, 0.8615, 0.8563, 0.8628, 0.8622, 0.8561, 0.8567, 0.857, 0.8578], [0.7979, 0.7981, 0.8006, 0.7993, 0.8001, 0.7988, 0.7971, 0.8002, 0.7981, 0.798, 0.7972, 0.7968, 0.797, 0.7996, 0.7974, 0.7976, 0.7981, 0.1976, 0.7979, 0.799, 0.798, 0.7994]]
Results: 	[[0.8181, 0.8203, 0.8198, 0.8204, 0.8213, 0.8209, 0.8206, 0.8189, 0.8201, 0.8198, 0.8181, 0.8179, 0.82, 0.8193, 0.8197, 0.8187, 0.82, 0.819, 0.8196, 0.8202, 0.8192, 0.8198, 0.8184], [0.7529, 0.7567, 0.7532, 0.7567, 0.7505, 0.2402, 0.757, 0.7516, 0.7475, 0.7543, 0.7549, 0.7557, 0.7555, 0.7507, 0.7598, 0.7521, 0.755, 0.7507, 0.3066, 0.7512, 0.7515, 0.2399, 0.7541], [0.7966, 0.7974, 0.7941, 0.7952, 0.7969, 0.7942, 0.7944, 0.7948, 0.7948, 0.7984, 0.7952, 0.7971, 0.7958, 0.7956, 0.7957, 0.7959, 0.7957, 0.795, 0.7947, 0.7965, 0.7953, 0.2044, 0.7949], [0.814, 0.8115, 0.8135, 0.813, 0.8099, 0.8103, 0.8103, 0.8116, 0.812, 0.8131, 0.8139, 0.8112, 0.1884, 0.8122, 0.8115, 0.8127, 0.8117, 0.8113, 0.8113, 0.8112, 0.811, 0.8121, 0.8105], [0.8613, 0.8585, 0.8582, 0.862, 0.8567, 0.8665, 0.8657, 0.8607, 0.8557, 0.8609, 0.8596, 0.8568, 0.862, 0.8603, 0.8615, 0.8563, 0.8628, 0.8622, 0.8561, 0.8567, 0.857, 0.8578, 0.8592], [0.7979, 0.7981, 0.8006, 0.7993, 0.8001, 0.7988, 0.7971, 0.8002, 0.7981, 0.798, 0.7972, 0.7968, 0.797, 0.7996, 0.7974, 0.7976, 0.7981, 0.1976, 0.7979, 0.799, 0.798, 0.7994, 0.7996]]
Results: 	[[0.8181, 0.8203, 0.8198, 0.8204, 0.8213, 0.8209, 0.8206, 0.8189, 0.8201, 0.8198, 0.8181, 0.8179, 0.82, 0.8193, 0.8197, 0.8187, 0.82, 0.819, 0.8196, 0.8202, 0.8192, 0.8198, 0.8184, 0.8194], [0.7529, 0.7567, 0.7532, 0.7567, 0.7505, 0.2402, 0.757, 0.7516, 0.7475, 0.7543, 0.7549, 0.7557, 0.7555, 0.7507, 0.7598, 0.7521, 0.755, 0.7507, 0.3066, 0.7512, 0.7515, 0.2399, 0.7541, 0.7554], [0.7966, 0.7974, 0.7941, 0.7952, 0.7969, 0.7942, 0.7944, 0.7948, 0.7948, 0.7984, 0.7952, 0.7971, 0.7958, 0.7956, 0.7957, 0.7959, 0.7957, 0.795, 0.7947, 0.7965, 0.7953, 0.2044, 0.7949, 0.7969], [0.814, 0.8115, 0.8135, 0.813, 0.8099, 0.8103, 0.8103, 0.8116, 0.812, 0.8131, 0.8139, 0.8112, 0.1884, 0.8122, 0.8115, 0.8127, 0.8117, 0.8113, 0.8113, 0.8112, 0.811, 0.8121, 0.8105, 0.8125], [0.8613, 0.8585, 0.8582, 0.862, 0.8567, 0.8665, 0.8657, 0.8607, 0.8557, 0.8609, 0.8596, 0.8568, 0.862, 0.8603, 0.8615, 0.8563, 0.8628, 0.8622, 0.8561, 0.8567, 0.857, 0.8578, 0.8592, 0.8551], [0.7979, 0.7981, 0.8006, 0.7993, 0.8001, 0.7988, 0.7971, 0.8002, 0.7981, 0.798, 0.7972, 0.7968, 0.797, 0.7996, 0.7974, 0.7976, 0.7981, 0.1976, 0.7979, 0.799, 0.798, 0.7994, 0.7996, 0.7969]]
Results: 	[[0.8181, 0.8203, 0.8198, 0.8204, 0.8213, 0.8209, 0.8206, 0.8189, 0.8201, 0.8198, 0.8181, 0.8179, 0.82, 0.8193, 0.8197, 0.8187, 0.82, 0.819, 0.8196, 0.8202, 0.8192, 0.8198, 0.8184, 0.8194, 0.8196], [0.7529, 0.7567, 0.7532, 0.7567, 0.7505, 0.2402, 0.757, 0.7516, 0.7475, 0.7543, 0.7549, 0.7557, 0.7555, 0.7507, 0.7598, 0.7521, 0.755, 0.7507, 0.3066, 0.7512, 0.7515, 0.2399, 0.7541, 0.7554, 0.7529], [0.7966, 0.7974, 0.7941, 0.7952, 0.7969, 0.7942, 0.7944, 0.7948, 0.7948, 0.7984, 0.7952, 0.7971, 0.7958, 0.7956, 0.7957, 0.7959, 0.7957, 0.795, 0.7947, 0.7965, 0.7953, 0.2044, 0.7949, 0.7969, 0.7946], [0.814, 0.8115, 0.8135, 0.813, 0.8099, 0.8103, 0.8103, 0.8116, 0.812, 0.8131, 0.8139, 0.8112, 0.1884, 0.8122, 0.8115, 0.8127, 0.8117, 0.8113, 0.8113, 0.8112, 0.811, 0.8121, 0.8105, 0.8125, 0.813], [0.8613, 0.8585, 0.8582, 0.862, 0.8567, 0.8665, 0.8657, 0.8607, 0.8557, 0.8609, 0.8596, 0.8568, 0.862, 0.8603, 0.8615, 0.8563, 0.8628, 0.8622, 0.8561, 0.8567, 0.857, 0.8578, 0.8592, 0.8551, 0.8569], [0.7979, 0.7981, 0.8006, 0.7993, 0.8001, 0.7988, 0.7971, 0.8002, 0.7981, 0.798, 0.7972, 0.7968, 0.797, 0.7996, 0.7974, 0.7976, 0.7981, 0.1976, 0.7979, 0.799, 0.798, 0.7994, 0.7996, 0.7969, 0.798]]
Results: 	[[0.8181, 0.8203, 0.8198, 0.8204, 0.8213, 0.8209, 0.8206, 0.8189, 0.8201, 0.8198, 0.8181, 0.8179, 0.82, 0.8193, 0.8197, 0.8187, 0.82, 0.819, 0.8196, 0.8202, 0.8192, 0.8198, 0.8184, 0.8194, 0.8196, 0.8201], [0.7529, 0.7567, 0.7532, 0.7567, 0.7505, 0.2402, 0.757, 0.7516, 0.7475, 0.7543, 0.7549, 0.7557, 0.7555, 0.7507, 0.7598, 0.7521, 0.755, 0.7507, 0.3066, 0.7512, 0.7515, 0.2399, 0.7541, 0.7554, 0.7529, 0.7548], [0.7966, 0.7974, 0.7941, 0.7952, 0.7969, 0.7942, 0.7944, 0.7948, 0.7948, 0.7984, 0.7952, 0.7971, 0.7958, 0.7956, 0.7957, 0.7959, 0.7957, 0.795, 0.7947, 0.7965, 0.7953, 0.2044, 0.7949, 0.7969, 0.7946, 0.796], [0.814, 0.8115, 0.8135, 0.813, 0.8099, 0.8103, 0.8103, 0.8116, 0.812, 0.8131, 0.8139, 0.8112, 0.1884, 0.8122, 0.8115, 0.8127, 0.8117, 0.8113, 0.8113, 0.8112, 0.811, 0.8121, 0.8105, 0.8125, 0.813, 0.8104], [0.8613, 0.8585, 0.8582, 0.862, 0.8567, 0.8665, 0.8657, 0.8607, 0.8557, 0.8609, 0.8596, 0.8568, 0.862, 0.8603, 0.8615, 0.8563, 0.8628, 0.8622, 0.8561, 0.8567, 0.857, 0.8578, 0.8592, 0.8551, 0.8569, 0.8593], [0.7979, 0.7981, 0.8006, 0.7993, 0.8001, 0.7988, 0.7971, 0.8002, 0.7981, 0.798, 0.7972, 0.7968, 0.797, 0.7996, 0.7974, 0.7976, 0.7981, 0.1976, 0.7979, 0.799, 0.798, 0.7994, 0.7996, 0.7969, 0.798, 0.796]]
Results: 	[[0.8181, 0.8203, 0.8198, 0.8204, 0.8213, 0.8209, 0.8206, 0.8189, 0.8201, 0.8198, 0.8181, 0.8179, 0.82, 0.8193, 0.8197, 0.8187, 0.82, 0.819, 0.8196, 0.8202, 0.8192, 0.8198, 0.8184, 0.8194, 0.8196, 0.8201, 0.8194], [0.7529, 0.7567, 0.7532, 0.7567, 0.7505, 0.2402, 0.757, 0.7516, 0.7475, 0.7543, 0.7549, 0.7557, 0.7555, 0.7507, 0.7598, 0.7521, 0.755, 0.7507, 0.3066, 0.7512, 0.7515, 0.2399, 0.7541, 0.7554, 0.7529, 0.7548, 0.755], [0.7966, 0.7974, 0.7941, 0.7952, 0.7969, 0.7942, 0.7944, 0.7948, 0.7948, 0.7984, 0.7952, 0.7971, 0.7958, 0.7956, 0.7957, 0.7959, 0.7957, 0.795, 0.7947, 0.7965, 0.7953, 0.2044, 0.7949, 0.7969, 0.7946, 0.796, 0.7942], [0.814, 0.8115, 0.8135, 0.813, 0.8099, 0.8103, 0.8103, 0.8116, 0.812, 0.8131, 0.8139, 0.8112, 0.1884, 0.8122, 0.8115, 0.8127, 0.8117, 0.8113, 0.8113, 0.8112, 0.811, 0.8121, 0.8105, 0.8125, 0.813, 0.8104, 0.8126], [0.8613, 0.8585, 0.8582, 0.862, 0.8567, 0.8665, 0.8657, 0.8607, 0.8557, 0.8609, 0.8596, 0.8568, 0.862, 0.8603, 0.8615, 0.8563, 0.8628, 0.8622, 0.8561, 0.8567, 0.857, 0.8578, 0.8592, 0.8551, 0.8569, 0.8593, 0.8601], [0.7979, 0.7981, 0.8006, 0.7993, 0.8001, 0.7988, 0.7971, 0.8002, 0.7981, 0.798, 0.7972, 0.7968, 0.797, 0.7996, 0.7974, 0.7976, 0.7981, 0.1976, 0.7979, 0.799, 0.798, 0.7994, 0.7996, 0.7969, 0.798, 0.796, 0.7982]]
Results: 	[[0.8181, 0.8203, 0.8198, 0.8204, 0.8213, 0.8209, 0.8206, 0.8189, 0.8201, 0.8198, 0.8181, 0.8179, 0.82, 0.8193, 0.8197, 0.8187, 0.82, 0.819, 0.8196, 0.8202, 0.8192, 0.8198, 0.8184, 0.8194, 0.8196, 0.8201, 0.8194, 0.8214], [0.7529, 0.7567, 0.7532, 0.7567, 0.7505, 0.2402, 0.757, 0.7516, 0.7475, 0.7543, 0.7549, 0.7557, 0.7555, 0.7507, 0.7598, 0.7521, 0.755, 0.7507, 0.3066, 0.7512, 0.7515, 0.2399, 0.7541, 0.7554, 0.7529, 0.7548, 0.755, 0.747], [0.7966, 0.7974, 0.7941, 0.7952, 0.7969, 0.7942, 0.7944, 0.7948, 0.7948, 0.7984, 0.7952, 0.7971, 0.7958, 0.7956, 0.7957, 0.7959, 0.7957, 0.795, 0.7947, 0.7965, 0.7953, 0.2044, 0.7949, 0.7969, 0.7946, 0.796, 0.7942, 0.7959], [0.814, 0.8115, 0.8135, 0.813, 0.8099, 0.8103, 0.8103, 0.8116, 0.812, 0.8131, 0.8139, 0.8112, 0.1884, 0.8122, 0.8115, 0.8127, 0.8117, 0.8113, 0.8113, 0.8112, 0.811, 0.8121, 0.8105, 0.8125, 0.813, 0.8104, 0.8126, 0.811], [0.8613, 0.8585, 0.8582, 0.862, 0.8567, 0.8665, 0.8657, 0.8607, 0.8557, 0.8609, 0.8596, 0.8568, 0.862, 0.8603, 0.8615, 0.8563, 0.8628, 0.8622, 0.8561, 0.8567, 0.857, 0.8578, 0.8592, 0.8551, 0.8569, 0.8593, 0.8601, 0.8624], [0.7979, 0.7981, 0.8006, 0.7993, 0.8001, 0.7988, 0.7971, 0.8002, 0.7981, 0.798, 0.7972, 0.7968, 0.797, 0.7996, 0.7974, 0.7976, 0.7981, 0.1976, 0.7979, 0.799, 0.798, 0.7994, 0.7996, 0.7969, 0.798, 0.796, 0.7982, 0.7979]]
Results: 	[[0.8181, 0.8203, 0.8198, 0.8204, 0.8213, 0.8209, 0.8206, 0.8189, 0.8201, 0.8198, 0.8181, 0.8179, 0.82, 0.8193, 0.8197, 0.8187, 0.82, 0.819, 0.8196, 0.8202, 0.8192, 0.8198, 0.8184, 0.8194, 0.8196, 0.8201, 0.8194, 0.8214, 0.8207], [0.7529, 0.7567, 0.7532, 0.7567, 0.7505, 0.2402, 0.757, 0.7516, 0.7475, 0.7543, 0.7549, 0.7557, 0.7555, 0.7507, 0.7598, 0.7521, 0.755, 0.7507, 0.3066, 0.7512, 0.7515, 0.2399, 0.7541, 0.7554, 0.7529, 0.7548, 0.755, 0.747, 0.748], [0.7966, 0.7974, 0.7941, 0.7952, 0.7969, 0.7942, 0.7944, 0.7948, 0.7948, 0.7984, 0.7952, 0.7971, 0.7958, 0.7956, 0.7957, 0.7959, 0.7957, 0.795, 0.7947, 0.7965, 0.7953, 0.2044, 0.7949, 0.7969, 0.7946, 0.796, 0.7942, 0.7959, 0.7948], [0.814, 0.8115, 0.8135, 0.813, 0.8099, 0.8103, 0.8103, 0.8116, 0.812, 0.8131, 0.8139, 0.8112, 0.1884, 0.8122, 0.8115, 0.8127, 0.8117, 0.8113, 0.8113, 0.8112, 0.811, 0.8121, 0.8105, 0.8125, 0.813, 0.8104, 0.8126, 0.811, 0.811], [0.8613, 0.8585, 0.8582, 0.862, 0.8567, 0.8665, 0.8657, 0.8607, 0.8557, 0.8609, 0.8596, 0.8568, 0.862, 0.8603, 0.8615, 0.8563, 0.8628, 0.8622, 0.8561, 0.8567, 0.857, 0.8578, 0.8592, 0.8551, 0.8569, 0.8593, 0.8601, 0.8624, 0.8596], [0.7979, 0.7981, 0.8006, 0.7993, 0.8001, 0.7988, 0.7971, 0.8002, 0.7981, 0.798, 0.7972, 0.7968, 0.797, 0.7996, 0.7974, 0.7976, 0.7981, 0.1976, 0.7979, 0.799, 0.798, 0.7994, 0.7996, 0.7969, 0.798, 0.796, 0.7982, 0.7979, 0.7975]]
Results: 	[[0.8181, 0.8203, 0.8198, 0.8204, 0.8213, 0.8209, 0.8206, 0.8189, 0.8201, 0.8198, 0.8181, 0.8179, 0.82, 0.8193, 0.8197, 0.8187, 0.82, 0.819, 0.8196, 0.8202, 0.8192, 0.8198, 0.8184, 0.8194, 0.8196, 0.8201, 0.8194, 0.8214, 0.8207, 0.8194], [0.7529, 0.7567, 0.7532, 0.7567, 0.7505, 0.2402, 0.757, 0.7516, 0.7475, 0.7543, 0.7549, 0.7557, 0.7555, 0.7507, 0.7598, 0.7521, 0.755, 0.7507, 0.3066, 0.7512, 0.7515, 0.2399, 0.7541, 0.7554, 0.7529, 0.7548, 0.755, 0.747, 0.748, 0.7536], [0.7966, 0.7974, 0.7941, 0.7952, 0.7969, 0.7942, 0.7944, 0.7948, 0.7948, 0.7984, 0.7952, 0.7971, 0.7958, 0.7956, 0.7957, 0.7959, 0.7957, 0.795, 0.7947, 0.7965, 0.7953, 0.2044, 0.7949, 0.7969, 0.7946, 0.796, 0.7942, 0.7959, 0.7948, 0.7967], [0.814, 0.8115, 0.8135, 0.813, 0.8099, 0.8103, 0.8103, 0.8116, 0.812, 0.8131, 0.8139, 0.8112, 0.1884, 0.8122, 0.8115, 0.8127, 0.8117, 0.8113, 0.8113, 0.8112, 0.811, 0.8121, 0.8105, 0.8125, 0.813, 0.8104, 0.8126, 0.811, 0.811, 0.8125], [0.8613, 0.8585, 0.8582, 0.862, 0.8567, 0.8665, 0.8657, 0.8607, 0.8557, 0.8609, 0.8596, 0.8568, 0.862, 0.8603, 0.8615, 0.8563, 0.8628, 0.8622, 0.8561, 0.8567, 0.857, 0.8578, 0.8592, 0.8551, 0.8569, 0.8593, 0.8601, 0.8624, 0.8596, 0.8572], [0.7979, 0.7981, 0.8006, 0.7993, 0.8001, 0.7988, 0.7971, 0.8002, 0.7981, 0.798, 0.7972, 0.7968, 0.797, 0.7996, 0.7974, 0.7976, 0.7981, 0.1976, 0.7979, 0.799, 0.798, 0.7994, 0.7996, 0.7969, 0.798, 0.796, 0.7982, 0.7979, 0.7975, 0.7986]]

-----------------------------------------------------------------
Task                                            Acc         F1      AUROC  (mean±std)
-----------------------------------------------------------------
Renal and urinary disorders              0.7396±0.0295  0.7826±0.0432  0.8197±0.0009
Pregnancy, puerperium and perinatal conditions 0.6036±0.1189  0.2396±0.0589  0.7042±0.1477
Ear and labyrinth disorders              0.6985±0.0822  0.6941±0.0793  0.7759±0.1061
Cardiac disorders                        0.7107±0.0990  0.7634±0.1114  0.7910±0.1119
Nervous system disorders                 0.7617±0.0625  0.8518±0.0460  0.8595±0.0028
Injury, poisoning and procedural complications 0.7034±0.0780  0.7558±0.0748  0.7782±0.1078

OVERALL AVERAGE                          0.7029              0.6812              0.7881
-----------------------------------------------------------------
