
=================================================================
Variant : CNN-only  |  10-shot
Dataset : tox21  |  K_shot=10
Tasks   : ['SR-HSE', 'SR-MMP', 'SR-p53']
=================================================================
Results: 	[[0.7714], [0.826], [0.811]]
Results: 	[[0.7714, 0.7838], [0.826, 0.8357], [0.811, 0.8317]]
Results: 	[[0.7714, 0.7838, 0.7682], [0.826, 0.8357, 0.8541], [0.811, 0.8317, 0.8023]]
Results: 	[[0.7714, 0.7838, 0.7682, 0.78], [0.826, 0.8357, 0.8541, 0.8213], [0.811, 0.8317, 0.8023, 0.7657]]
Results: 	[[0.7714, 0.7838, 0.7682, 0.78, 0.7683], [0.826, 0.8357, 0.8541, 0.8213, 0.8488], [0.811, 0.8317, 0.8023, 0.7657, 0.826]]
Results: 	[[0.7714, 0.7838, 0.7682, 0.78, 0.7683, 0.7537], [0.826, 0.8357, 0.8541, 0.8213, 0.8488, 0.7694], [0.811, 0.8317, 0.8023, 0.7657, 0.826, 0.8377]]
Results: 	[[0.7714, 0.7838, 0.7682, 0.78, 0.7683, 0.7537, 0.736], [0.826, 0.8357, 0.8541, 0.8213, 0.8488, 0.7694, 0.8428], [0.811, 0.8317, 0.8023, 0.7657, 0.826, 0.8377, 0.8214]]
Results: 	[[0.7714, 0.7838, 0.7682, 0.78, 0.7683, 0.7537, 0.736, 0.7837], [0.826, 0.8357, 0.8541, 0.8213, 0.8488, 0.7694, 0.8428, 0.8371], [0.811, 0.8317, 0.8023, 0.7657, 0.826, 0.8377, 0.8214, 0.8207]]
Results: 	[[0.7714, 0.7838, 0.7682, 0.78, 0.7683, 0.7537, 0.736, 0.7837, 0.7814], [0.826, 0.8357, 0.8541, 0.8213, 0.8488, 0.7694, 0.8428, 0.8371, 0.8398], [0.811, 0.8317, 0.8023, 0.7657, 0.826, 0.8377, 0.8214, 0.8207, 0.8294]]
Results: 	[[0.7714, 0.7838, 0.7682, 0.78, 0.7683, 0.7537, 0.736, 0.7837, 0.7814, 0.7857], [0.826, 0.8357, 0.8541, 0.8213, 0.8488, 0.7694, 0.8428, 0.8371, 0.8398, 0.8491], [0.811, 0.8317, 0.8023, 0.7657, 0.826, 0.8377, 0.8214, 0.8207, 0.8294, 0.828]]
Results: 	[[0.7714, 0.7838, 0.7682, 0.78, 0.7683, 0.7537, 0.736, 0.7837, 0.7814, 0.7857, 0.7702], [0.826, 0.8357, 0.8541, 0.8213, 0.8488, 0.7694, 0.8428, 0.8371, 0.8398, 0.8491, 0.8432], [0.811, 0.8317, 0.8023, 0.7657, 0.826, 0.8377, 0.8214, 0.8207, 0.8294, 0.828, 0.7961]]
Results: 	[[0.7714, 0.7838, 0.7682, 0.78, 0.7683, 0.7537, 0.736, 0.7837, 0.7814, 0.7857, 0.7702, 0.786], [0.826, 0.8357, 0.8541, 0.8213, 0.8488, 0.7694, 0.8428, 0.8371, 0.8398, 0.8491, 0.8432, 0.85], [0.811, 0.8317, 0.8023, 0.7657, 0.826, 0.8377, 0.8214, 0.8207, 0.8294, 0.828, 0.7961, 0.8345]]
Results: 	[[0.7714, 0.7838, 0.7682, 0.78, 0.7683, 0.7537, 0.736, 0.7837, 0.7814, 0.7857, 0.7702, 0.786, 0.786], [0.826, 0.8357, 0.8541, 0.8213, 0.8488, 0.7694, 0.8428, 0.8371, 0.8398, 0.8491, 0.8432, 0.85, 0.8517], [0.811, 0.8317, 0.8023, 0.7657, 0.826, 0.8377, 0.8214, 0.8207, 0.8294, 0.828, 0.7961, 0.8345, 0.7627]]
Results: 	[[0.7714, 0.7838, 0.7682, 0.78, 0.7683, 0.7537, 0.736, 0.7837, 0.7814, 0.7857, 0.7702, 0.786, 0.786, 0.768], [0.826, 0.8357, 0.8541, 0.8213, 0.8488, 0.7694, 0.8428, 0.8371, 0.8398, 0.8491, 0.8432, 0.85, 0.8517, 0.8495], [0.811, 0.8317, 0.8023, 0.7657, 0.826, 0.8377, 0.8214, 0.8207, 0.8294, 0.828, 0.7961, 0.8345, 0.7627, 0.8112]]
Results: 	[[0.7714, 0.7838, 0.7682, 0.78, 0.7683, 0.7537, 0.736, 0.7837, 0.7814, 0.7857, 0.7702, 0.786, 0.786, 0.768, 0.7832], [0.826, 0.8357, 0.8541, 0.8213, 0.8488, 0.7694, 0.8428, 0.8371, 0.8398, 0.8491, 0.8432, 0.85, 0.8517, 0.8495, 0.8271], [0.811, 0.8317, 0.8023, 0.7657, 0.826, 0.8377, 0.8214, 0.8207, 0.8294, 0.828, 0.7961, 0.8345, 0.7627, 0.8112, 0.8298]]
Results: 	[[0.7714, 0.7838, 0.7682, 0.78, 0.7683, 0.7537, 0.736, 0.7837, 0.7814, 0.7857, 0.7702, 0.786, 0.786, 0.768, 0.7832, 0.7636], [0.826, 0.8357, 0.8541, 0.8213, 0.8488, 0.7694, 0.8428, 0.8371, 0.8398, 0.8491, 0.8432, 0.85, 0.8517, 0.8495, 0.8271, 0.8429], [0.811, 0.8317, 0.8023, 0.7657, 0.826, 0.8377, 0.8214, 0.8207, 0.8294, 0.828, 0.7961, 0.8345, 0.7627, 0.8112, 0.8298, 0.8255]]
Results: 	[[0.7714, 0.7838, 0.7682, 0.78, 0.7683, 0.7537, 0.736, 0.7837, 0.7814, 0.7857, 0.7702, 0.786, 0.786, 0.768, 0.7832, 0.7636, 0.79], [0.826, 0.8357, 0.8541, 0.8213, 0.8488, 0.7694, 0.8428, 0.8371, 0.8398, 0.8491, 0.8432, 0.85, 0.8517, 0.8495, 0.8271, 0.8429, 0.7872], [0.811, 0.8317, 0.8023, 0.7657, 0.826, 0.8377, 0.8214, 0.8207, 0.8294, 0.828, 0.7961, 0.8345, 0.7627, 0.8112, 0.8298, 0.8255, 0.7796]]
Results: 	[[0.7714, 0.7838, 0.7682, 0.78, 0.7683, 0.7537, 0.736, 0.7837, 0.7814, 0.7857, 0.7702, 0.786, 0.786, 0.768, 0.7832, 0.7636, 0.79, 0.7584], [0.826, 0.8357, 0.8541, 0.8213, 0.8488, 0.7694, 0.8428, 0.8371, 0.8398, 0.8491, 0.8432, 0.85, 0.8517, 0.8495, 0.8271, 0.8429, 0.7872, 0.8357], [0.811, 0.8317, 0.8023, 0.7657, 0.826, 0.8377, 0.8214, 0.8207, 0.8294, 0.828, 0.7961, 0.8345, 0.7627, 0.8112, 0.8298, 0.8255, 0.7796, 0.8154]]
Results: 	[[0.7714, 0.7838, 0.7682, 0.78, 0.7683, 0.7537, 0.736, 0.7837, 0.7814, 0.7857, 0.7702, 0.786, 0.786, 0.768, 0.7832, 0.7636, 0.79, 0.7584, 0.7712], [0.826, 0.8357, 0.8541, 0.8213, 0.8488, 0.7694, 0.8428, 0.8371, 0.8398, 0.8491, 0.8432, 0.85, 0.8517, 0.8495, 0.8271, 0.8429, 0.7872, 0.8357, 0.8528], [0.811, 0.8317, 0.8023, 0.7657, 0.826, 0.8377, 0.8214, 0.8207, 0.8294, 0.828, 0.7961, 0.8345, 0.7627, 0.8112, 0.8298, 0.8255, 0.7796, 0.8154, 0.7748]]
Results: 	[[0.7714, 0.7838, 0.7682, 0.78, 0.7683, 0.7537, 0.736, 0.7837, 0.7814, 0.7857, 0.7702, 0.786, 0.786, 0.768, 0.7832, 0.7636, 0.79, 0.7584, 0.7712, 0.7671], [0.826, 0.8357, 0.8541, 0.8213, 0.8488, 0.7694, 0.8428, 0.8371, 0.8398, 0.8491, 0.8432, 0.85, 0.8517, 0.8495, 0.8271, 0.8429, 0.7872, 0.8357, 0.8528, 0.8527], [0.811, 0.8317, 0.8023, 0.7657, 0.826, 0.8377, 0.8214, 0.8207, 0.8294, 0.828, 0.7961, 0.8345, 0.7627, 0.8112, 0.8298, 0.8255, 0.7796, 0.8154, 0.7748, 0.8253]]
Results: 	[[0.7714, 0.7838, 0.7682, 0.78, 0.7683, 0.7537, 0.736, 0.7837, 0.7814, 0.7857, 0.7702, 0.786, 0.786, 0.768, 0.7832, 0.7636, 0.79, 0.7584, 0.7712, 0.7671, 0.507], [0.826, 0.8357, 0.8541, 0.8213, 0.8488, 0.7694, 0.8428, 0.8371, 0.8398, 0.8491, 0.8432, 0.85, 0.8517, 0.8495, 0.8271, 0.8429, 0.7872, 0.8357, 0.8528, 0.8527, 0.8475], [0.811, 0.8317, 0.8023, 0.7657, 0.826, 0.8377, 0.8214, 0.8207, 0.8294, 0.828, 0.7961, 0.8345, 0.7627, 0.8112, 0.8298, 0.8255, 0.7796, 0.8154, 0.7748, 0.8253, 0.7891]]
Results: 	[[0.7714, 0.7838, 0.7682, 0.78, 0.7683, 0.7537, 0.736, 0.7837, 0.7814, 0.7857, 0.7702, 0.786, 0.786, 0.768, 0.7832, 0.7636, 0.79, 0.7584, 0.7712, 0.7671, 0.507, 0.7852], [0.826, 0.8357, 0.8541, 0.8213, 0.8488, 0.7694, 0.8428, 0.8371, 0.8398, 0.8491, 0.8432, 0.85, 0.8517, 0.8495, 0.8271, 0.8429, 0.7872, 0.8357, 0.8528, 0.8527, 0.8475, 0.8288], [0.811, 0.8317, 0.8023, 0.7657, 0.826, 0.8377, 0.8214, 0.8207, 0.8294, 0.828, 0.7961, 0.8345, 0.7627, 0.8112, 0.8298, 0.8255, 0.7796, 0.8154, 0.7748, 0.8253, 0.7891, 0.8225]]
Results: 	[[0.7714, 0.7838, 0.7682, 0.78, 0.7683, 0.7537, 0.736, 0.7837, 0.7814, 0.7857, 0.7702, 0.786, 0.786, 0.768, 0.7832, 0.7636, 0.79, 0.7584, 0.7712, 0.7671, 0.507, 0.7852, 0.7581], [0.826, 0.8357, 0.8541, 0.8213, 0.8488, 0.7694, 0.8428, 0.8371, 0.8398, 0.8491, 0.8432, 0.85, 0.8517, 0.8495, 0.8271, 0.8429, 0.7872, 0.8357, 0.8528, 0.8527, 0.8475, 0.8288, 0.8507], [0.811, 0.8317, 0.8023, 0.7657, 0.826, 0.8377, 0.8214, 0.8207, 0.8294, 0.828, 0.7961, 0.8345, 0.7627, 0.8112, 0.8298, 0.8255, 0.7796, 0.8154, 0.7748, 0.8253, 0.7891, 0.8225, 0.7908]]
Results: 	[[0.7714, 0.7838, 0.7682, 0.78, 0.7683, 0.7537, 0.736, 0.7837, 0.7814, 0.7857, 0.7702, 0.786, 0.786, 0.768, 0.7832, 0.7636, 0.79, 0.7584, 0.7712, 0.7671, 0.507, 0.7852, 0.7581, 0.7807], [0.826, 0.8357, 0.8541, 0.8213, 0.8488, 0.7694, 0.8428, 0.8371, 0.8398, 0.8491, 0.8432, 0.85, 0.8517, 0.8495, 0.8271, 0.8429, 0.7872, 0.8357, 0.8528, 0.8527, 0.8475, 0.8288, 0.8507, 0.8489], [0.811, 0.8317, 0.8023, 0.7657, 0.826, 0.8377, 0.8214, 0.8207, 0.8294, 0.828, 0.7961, 0.8345, 0.7627, 0.8112, 0.8298, 0.8255, 0.7796, 0.8154, 0.7748, 0.8253, 0.7891, 0.8225, 0.7908, 0.8287]]
Results: 	[[0.7714, 0.7838, 0.7682, 0.78, 0.7683, 0.7537, 0.736, 0.7837, 0.7814, 0.7857, 0.7702, 0.786, 0.786, 0.768, 0.7832, 0.7636, 0.79, 0.7584, 0.7712, 0.7671, 0.507, 0.7852, 0.7581, 0.7807, 0.7839], [0.826, 0.8357, 0.8541, 0.8213, 0.8488, 0.7694, 0.8428, 0.8371, 0.8398, 0.8491, 0.8432, 0.85, 0.8517, 0.8495, 0.8271, 0.8429, 0.7872, 0.8357, 0.8528, 0.8527, 0.8475, 0.8288, 0.8507, 0.8489, 0.842], [0.811, 0.8317, 0.8023, 0.7657, 0.826, 0.8377, 0.8214, 0.8207, 0.8294, 0.828, 0.7961, 0.8345, 0.7627, 0.8112, 0.8298, 0.8255, 0.7796, 0.8154, 0.7748, 0.8253, 0.7891, 0.8225, 0.7908, 0.8287, 0.8259]]
Results: 	[[0.7714, 0.7838, 0.7682, 0.78, 0.7683, 0.7537, 0.736, 0.7837, 0.7814, 0.7857, 0.7702, 0.786, 0.786, 0.768, 0.7832, 0.7636, 0.79, 0.7584, 0.7712, 0.7671, 0.507, 0.7852, 0.7581, 0.7807, 0.7839, 0.7603], [0.826, 0.8357, 0.8541, 0.8213, 0.8488, 0.7694, 0.8428, 0.8371, 0.8398, 0.8491, 0.8432, 0.85, 0.8517, 0.8495, 0.8271, 0.8429, 0.7872, 0.8357, 0.8528, 0.8527, 0.8475, 0.8288, 0.8507, 0.8489, 0.842, 0.8451], [0.811, 0.8317, 0.8023, 0.7657, 0.826, 0.8377, 0.8214, 0.8207, 0.8294, 0.828, 0.7961, 0.8345, 0.7627, 0.8112, 0.8298, 0.8255, 0.7796, 0.8154, 0.7748, 0.8253, 0.7891, 0.8225, 0.7908, 0.8287, 0.8259, 0.8327]]
Results: 	[[0.7714, 0.7838, 0.7682, 0.78, 0.7683, 0.7537, 0.736, 0.7837, 0.7814, 0.7857, 0.7702, 0.786, 0.786, 0.768, 0.7832, 0.7636, 0.79, 0.7584, 0.7712, 0.7671, 0.507, 0.7852, 0.7581, 0.7807, 0.7839, 0.7603, 0.7897], [0.826, 0.8357, 0.8541, 0.8213, 0.8488, 0.7694, 0.8428, 0.8371, 0.8398, 0.8491, 0.8432, 0.85, 0.8517, 0.8495, 0.8271, 0.8429, 0.7872, 0.8357, 0.8528, 0.8527, 0.8475, 0.8288, 0.8507, 0.8489, 0.842, 0.8451, 0.833], [0.811, 0.8317, 0.8023, 0.7657, 0.826, 0.8377, 0.8214, 0.8207, 0.8294, 0.828, 0.7961, 0.8345, 0.7627, 0.8112, 0.8298, 0.8255, 0.7796, 0.8154, 0.7748, 0.8253, 0.7891, 0.8225, 0.7908, 0.8287, 0.8259, 0.8327, 0.8361]]
Results: 	[[0.7714, 0.7838, 0.7682, 0.78, 0.7683, 0.7537, 0.736, 0.7837, 0.7814, 0.7857, 0.7702, 0.786, 0.786, 0.768, 0.7832, 0.7636, 0.79, 0.7584, 0.7712, 0.7671, 0.507, 0.7852, 0.7581, 0.7807, 0.7839, 0.7603, 0.7897, 0.7862], [0.826, 0.8357, 0.8541, 0.8213, 0.8488, 0.7694, 0.8428, 0.8371, 0.8398, 0.8491, 0.8432, 0.85, 0.8517, 0.8495, 0.8271, 0.8429, 0.7872, 0.8357, 0.8528, 0.8527, 0.8475, 0.8288, 0.8507, 0.8489, 0.842, 0.8451, 0.833, 0.8513], [0.811, 0.8317, 0.8023, 0.7657, 0.826, 0.8377, 0.8214, 0.8207, 0.8294, 0.828, 0.7961, 0.8345, 0.7627, 0.8112, 0.8298, 0.8255, 0.7796, 0.8154, 0.7748, 0.8253, 0.7891, 0.8225, 0.7908, 0.8287, 0.8259, 0.8327, 0.8361, 0.803]]
Results: 	[[0.7714, 0.7838, 0.7682, 0.78, 0.7683, 0.7537, 0.736, 0.7837, 0.7814, 0.7857, 0.7702, 0.786, 0.786, 0.768, 0.7832, 0.7636, 0.79, 0.7584, 0.7712, 0.7671, 0.507, 0.7852, 0.7581, 0.7807, 0.7839, 0.7603, 0.7897, 0.7862, 0.7738], [0.826, 0.8357, 0.8541, 0.8213, 0.8488, 0.7694, 0.8428, 0.8371, 0.8398, 0.8491, 0.8432, 0.85, 0.8517, 0.8495, 0.8271, 0.8429, 0.7872, 0.8357, 0.8528, 0.8527, 0.8475, 0.8288, 0.8507, 0.8489, 0.842, 0.8451, 0.833, 0.8513, 0.7975], [0.811, 0.8317, 0.8023, 0.7657, 0.826, 0.8377, 0.8214, 0.8207, 0.8294, 0.828, 0.7961, 0.8345, 0.7627, 0.8112, 0.8298, 0.8255, 0.7796, 0.8154, 0.7748, 0.8253, 0.7891, 0.8225, 0.7908, 0.8287, 0.8259, 0.8327, 0.8361, 0.803, 0.8306]]
Results: 	[[0.7714, 0.7838, 0.7682, 0.78, 0.7683, 0.7537, 0.736, 0.7837, 0.7814, 0.7857, 0.7702, 0.786, 0.786, 0.768, 0.7832, 0.7636, 0.79, 0.7584, 0.7712, 0.7671, 0.507, 0.7852, 0.7581, 0.7807, 0.7839, 0.7603, 0.7897, 0.7862, 0.7738, 0.7507], [0.826, 0.8357, 0.8541, 0.8213, 0.8488, 0.7694, 0.8428, 0.8371, 0.8398, 0.8491, 0.8432, 0.85, 0.8517, 0.8495, 0.8271, 0.8429, 0.7872, 0.8357, 0.8528, 0.8527, 0.8475, 0.8288, 0.8507, 0.8489, 0.842, 0.8451, 0.833, 0.8513, 0.7975, 0.8506], [0.811, 0.8317, 0.8023, 0.7657, 0.826, 0.8377, 0.8214, 0.8207, 0.8294, 0.828, 0.7961, 0.8345, 0.7627, 0.8112, 0.8298, 0.8255, 0.7796, 0.8154, 0.7748, 0.8253, 0.7891, 0.8225, 0.7908, 0.8287, 0.8259, 0.8327, 0.8361, 0.803, 0.8306, 0.8162]]

-----------------------------------------------------------------
Task                                            Acc         F1      AUROC  (mean±std)
-----------------------------------------------------------------
SR-HSE                                   0.7688±0.0664  0.2393±0.0374  0.7644±0.0495
SR-MMP                                   0.7846±0.0415  0.5196±0.0361  0.8371±0.0198
SR-p53                                   0.7880±0.0608  0.2858±0.0338  0.8135±0.0212

OVERALL AVERAGE                          0.7805              0.3482              0.8050
-----------------------------------------------------------------
