
=================================================================
Variant : GINEConv + FP  |  5-shot
Dataset : sider  |  K_shot=5
Tasks   : ['Renal and urinary disorders', 'Pregnancy, puerperium and perinatal conditions', 'Ear and labyrinth disorders', 'Cardiac disorders', 'Nervous system disorders', 'Injury, poisoning and procedural complications']
=================================================================
Results: 	[[0.824], [0.7907], [0.8122], [0.841], [0.9043], [0.8151]]
Results: 	[[0.824, 0.8319], [0.7907, 0.7952], [0.8122, 0.8116], [0.841, 0.8348], [0.9043, 0.8988], [0.8151, 0.8152]]
Results: 	[[0.824, 0.8319, 0.8351], [0.7907, 0.7952, 0.7956], [0.8122, 0.8116, 0.8121], [0.841, 0.8348, 0.8313], [0.9043, 0.8988, 0.8831], [0.8151, 0.8152, 0.8163]]
Results: 	[[0.824, 0.8319, 0.8351, 0.8373], [0.7907, 0.7952, 0.7956, 0.7931], [0.8122, 0.8116, 0.8121, 0.8038], [0.841, 0.8348, 0.8313, 0.8324], [0.9043, 0.8988, 0.8831, 0.8953], [0.8151, 0.8152, 0.8163, 0.8183]]
Results: 	[[0.824, 0.8319, 0.8351, 0.8373, 0.8315], [0.7907, 0.7952, 0.7956, 0.7931, 0.7994], [0.8122, 0.8116, 0.8121, 0.8038, 0.8135], [0.841, 0.8348, 0.8313, 0.8324, 0.8286], [0.9043, 0.8988, 0.8831, 0.8953, 0.9012], [0.8151, 0.8152, 0.8163, 0.8183, 0.8189]]
Results: 	[[0.824, 0.8319, 0.8351, 0.8373, 0.8315, 0.8364], [0.7907, 0.7952, 0.7956, 0.7931, 0.7994, 0.7891], [0.8122, 0.8116, 0.8121, 0.8038, 0.8135, 0.8119], [0.841, 0.8348, 0.8313, 0.8324, 0.8286, 0.8226], [0.9043, 0.8988, 0.8831, 0.8953, 0.9012, 0.8988], [0.8151, 0.8152, 0.8163, 0.8183, 0.8189, 0.818]]
Results: 	[[0.824, 0.8319, 0.8351, 0.8373, 0.8315, 0.8364, 0.8254], [0.7907, 0.7952, 0.7956, 0.7931, 0.7994, 0.7891, 0.2261], [0.8122, 0.8116, 0.8121, 0.8038, 0.8135, 0.8119, 0.8126], [0.841, 0.8348, 0.8313, 0.8324, 0.8286, 0.8226, 0.8308], [0.9043, 0.8988, 0.8831, 0.8953, 0.9012, 0.8988, 0.8967], [0.8151, 0.8152, 0.8163, 0.8183, 0.8189, 0.818, 0.8157]]
Results: 	[[0.824, 0.8319, 0.8351, 0.8373, 0.8315, 0.8364, 0.8254, 0.8315], [0.7907, 0.7952, 0.7956, 0.7931, 0.7994, 0.7891, 0.2261, 0.7903], [0.8122, 0.8116, 0.8121, 0.8038, 0.8135, 0.8119, 0.8126, 0.811], [0.841, 0.8348, 0.8313, 0.8324, 0.8286, 0.8226, 0.8308, 0.8387], [0.9043, 0.8988, 0.8831, 0.8953, 0.9012, 0.8988, 0.8967, 0.8973], [0.8151, 0.8152, 0.8163, 0.8183, 0.8189, 0.818, 0.8157, 0.8042]]
Results: 	[[0.824, 0.8319, 0.8351, 0.8373, 0.8315, 0.8364, 0.8254, 0.8315, 0.8348], [0.7907, 0.7952, 0.7956, 0.7931, 0.7994, 0.7891, 0.2261, 0.7903, 0.7908], [0.8122, 0.8116, 0.8121, 0.8038, 0.8135, 0.8119, 0.8126, 0.811, 0.8098], [0.841, 0.8348, 0.8313, 0.8324, 0.8286, 0.8226, 0.8308, 0.8387, 0.833], [0.9043, 0.8988, 0.8831, 0.8953, 0.9012, 0.8988, 0.8967, 0.8973, 0.8962], [0.8151, 0.8152, 0.8163, 0.8183, 0.8189, 0.818, 0.8157, 0.8042, 0.3013]]
Results: 	[[0.824, 0.8319, 0.8351, 0.8373, 0.8315, 0.8364, 0.8254, 0.8315, 0.8348, 0.8214], [0.7907, 0.7952, 0.7956, 0.7931, 0.7994, 0.7891, 0.2261, 0.7903, 0.7908, 0.7931], [0.8122, 0.8116, 0.8121, 0.8038, 0.8135, 0.8119, 0.8126, 0.811, 0.8098, 0.8151], [0.841, 0.8348, 0.8313, 0.8324, 0.8286, 0.8226, 0.8308, 0.8387, 0.833, 0.7721], [0.9043, 0.8988, 0.8831, 0.8953, 0.9012, 0.8988, 0.8967, 0.8973, 0.8962, 0.8975], [0.8151, 0.8152, 0.8163, 0.8183, 0.8189, 0.818, 0.8157, 0.8042, 0.3013, 0.8189]]
Results: 	[[0.824, 0.8319, 0.8351, 0.8373, 0.8315, 0.8364, 0.8254, 0.8315, 0.8348, 0.8214, 0.8329], [0.7907, 0.7952, 0.7956, 0.7931, 0.7994, 0.7891, 0.2261, 0.7903, 0.7908, 0.7931, 0.7879], [0.8122, 0.8116, 0.8121, 0.8038, 0.8135, 0.8119, 0.8126, 0.811, 0.8098, 0.8151, 0.8137], [0.841, 0.8348, 0.8313, 0.8324, 0.8286, 0.8226, 0.8308, 0.8387, 0.833, 0.7721, 0.8258], [0.9043, 0.8988, 0.8831, 0.8953, 0.9012, 0.8988, 0.8967, 0.8973, 0.8962, 0.8975, 0.896], [0.8151, 0.8152, 0.8163, 0.8183, 0.8189, 0.818, 0.8157, 0.8042, 0.3013, 0.8189, 0.7995]]
Results: 	[[0.824, 0.8319, 0.8351, 0.8373, 0.8315, 0.8364, 0.8254, 0.8315, 0.8348, 0.8214, 0.8329, 0.8222], [0.7907, 0.7952, 0.7956, 0.7931, 0.7994, 0.7891, 0.2261, 0.7903, 0.7908, 0.7931, 0.7879, 0.7798], [0.8122, 0.8116, 0.8121, 0.8038, 0.8135, 0.8119, 0.8126, 0.811, 0.8098, 0.8151, 0.8137, 0.815], [0.841, 0.8348, 0.8313, 0.8324, 0.8286, 0.8226, 0.8308, 0.8387, 0.833, 0.7721, 0.8258, 0.8325], [0.9043, 0.8988, 0.8831, 0.8953, 0.9012, 0.8988, 0.8967, 0.8973, 0.8962, 0.8975, 0.896, 0.8965], [0.8151, 0.8152, 0.8163, 0.8183, 0.8189, 0.818, 0.8157, 0.8042, 0.3013, 0.8189, 0.7995, 0.8152]]
Results: 	[[0.824, 0.8319, 0.8351, 0.8373, 0.8315, 0.8364, 0.8254, 0.8315, 0.8348, 0.8214, 0.8329, 0.8222, 0.835], [0.7907, 0.7952, 0.7956, 0.7931, 0.7994, 0.7891, 0.2261, 0.7903, 0.7908, 0.7931, 0.7879, 0.7798, 0.7915], [0.8122, 0.8116, 0.8121, 0.8038, 0.8135, 0.8119, 0.8126, 0.811, 0.8098, 0.8151, 0.8137, 0.815, 0.8103], [0.841, 0.8348, 0.8313, 0.8324, 0.8286, 0.8226, 0.8308, 0.8387, 0.833, 0.7721, 0.8258, 0.8325, 0.8301], [0.9043, 0.8988, 0.8831, 0.8953, 0.9012, 0.8988, 0.8967, 0.8973, 0.8962, 0.8975, 0.896, 0.8965, 0.8963], [0.8151, 0.8152, 0.8163, 0.8183, 0.8189, 0.818, 0.8157, 0.8042, 0.3013, 0.8189, 0.7995, 0.8152, 0.8193]]
Results: 	[[0.824, 0.8319, 0.8351, 0.8373, 0.8315, 0.8364, 0.8254, 0.8315, 0.8348, 0.8214, 0.8329, 0.8222, 0.835, 0.8308], [0.7907, 0.7952, 0.7956, 0.7931, 0.7994, 0.7891, 0.2261, 0.7903, 0.7908, 0.7931, 0.7879, 0.7798, 0.7915, 0.7833], [0.8122, 0.8116, 0.8121, 0.8038, 0.8135, 0.8119, 0.8126, 0.811, 0.8098, 0.8151, 0.8137, 0.815, 0.8103, 0.811], [0.841, 0.8348, 0.8313, 0.8324, 0.8286, 0.8226, 0.8308, 0.8387, 0.833, 0.7721, 0.8258, 0.8325, 0.8301, 0.8303], [0.9043, 0.8988, 0.8831, 0.8953, 0.9012, 0.8988, 0.8967, 0.8973, 0.8962, 0.8975, 0.896, 0.8965, 0.8963, 0.894], [0.8151, 0.8152, 0.8163, 0.8183, 0.8189, 0.818, 0.8157, 0.8042, 0.3013, 0.8189, 0.7995, 0.8152, 0.8193, 0.817]]
Results: 	[[0.824, 0.8319, 0.8351, 0.8373, 0.8315, 0.8364, 0.8254, 0.8315, 0.8348, 0.8214, 0.8329, 0.8222, 0.835, 0.8308, 0.8329], [0.7907, 0.7952, 0.7956, 0.7931, 0.7994, 0.7891, 0.2261, 0.7903, 0.7908, 0.7931, 0.7879, 0.7798, 0.7915, 0.7833, 0.7853], [0.8122, 0.8116, 0.8121, 0.8038, 0.8135, 0.8119, 0.8126, 0.811, 0.8098, 0.8151, 0.8137, 0.815, 0.8103, 0.811, 0.8098], [0.841, 0.8348, 0.8313, 0.8324, 0.8286, 0.8226, 0.8308, 0.8387, 0.833, 0.7721, 0.8258, 0.8325, 0.8301, 0.8303, 0.8392], [0.9043, 0.8988, 0.8831, 0.8953, 0.9012, 0.8988, 0.8967, 0.8973, 0.8962, 0.8975, 0.896, 0.8965, 0.8963, 0.894, 0.9021], [0.8151, 0.8152, 0.8163, 0.8183, 0.8189, 0.818, 0.8157, 0.8042, 0.3013, 0.8189, 0.7995, 0.8152, 0.8193, 0.817, 0.8175]]
Results: 	[[0.824, 0.8319, 0.8351, 0.8373, 0.8315, 0.8364, 0.8254, 0.8315, 0.8348, 0.8214, 0.8329, 0.8222, 0.835, 0.8308, 0.8329, 0.8295], [0.7907, 0.7952, 0.7956, 0.7931, 0.7994, 0.7891, 0.2261, 0.7903, 0.7908, 0.7931, 0.7879, 0.7798, 0.7915, 0.7833, 0.7853, 0.7915], [0.8122, 0.8116, 0.8121, 0.8038, 0.8135, 0.8119, 0.8126, 0.811, 0.8098, 0.8151, 0.8137, 0.815, 0.8103, 0.811, 0.8098, 0.8127], [0.841, 0.8348, 0.8313, 0.8324, 0.8286, 0.8226, 0.8308, 0.8387, 0.833, 0.7721, 0.8258, 0.8325, 0.8301, 0.8303, 0.8392, 0.8347], [0.9043, 0.8988, 0.8831, 0.8953, 0.9012, 0.8988, 0.8967, 0.8973, 0.8962, 0.8975, 0.896, 0.8965, 0.8963, 0.894, 0.9021, 0.8957], [0.8151, 0.8152, 0.8163, 0.8183, 0.8189, 0.818, 0.8157, 0.8042, 0.3013, 0.8189, 0.7995, 0.8152, 0.8193, 0.817, 0.8175, 0.8144]]
Results: 	[[0.824, 0.8319, 0.8351, 0.8373, 0.8315, 0.8364, 0.8254, 0.8315, 0.8348, 0.8214, 0.8329, 0.8222, 0.835, 0.8308, 0.8329, 0.8295, 0.8284], [0.7907, 0.7952, 0.7956, 0.7931, 0.7994, 0.7891, 0.2261, 0.7903, 0.7908, 0.7931, 0.7879, 0.7798, 0.7915, 0.7833, 0.7853, 0.7915, 0.7828], [0.8122, 0.8116, 0.8121, 0.8038, 0.8135, 0.8119, 0.8126, 0.811, 0.8098, 0.8151, 0.8137, 0.815, 0.8103, 0.811, 0.8098, 0.8127, 0.8158], [0.841, 0.8348, 0.8313, 0.8324, 0.8286, 0.8226, 0.8308, 0.8387, 0.833, 0.7721, 0.8258, 0.8325, 0.8301, 0.8303, 0.8392, 0.8347, 0.8133], [0.9043, 0.8988, 0.8831, 0.8953, 0.9012, 0.8988, 0.8967, 0.8973, 0.8962, 0.8975, 0.896, 0.8965, 0.8963, 0.894, 0.9021, 0.8957, 0.8971], [0.8151, 0.8152, 0.8163, 0.8183, 0.8189, 0.818, 0.8157, 0.8042, 0.3013, 0.8189, 0.7995, 0.8152, 0.8193, 0.817, 0.8175, 0.8144, 0.8172]]
Results: 	[[0.824, 0.8319, 0.8351, 0.8373, 0.8315, 0.8364, 0.8254, 0.8315, 0.8348, 0.8214, 0.8329, 0.8222, 0.835, 0.8308, 0.8329, 0.8295, 0.8284, 0.8293], [0.7907, 0.7952, 0.7956, 0.7931, 0.7994, 0.7891, 0.2261, 0.7903, 0.7908, 0.7931, 0.7879, 0.7798, 0.7915, 0.7833, 0.7853, 0.7915, 0.7828, 0.7948], [0.8122, 0.8116, 0.8121, 0.8038, 0.8135, 0.8119, 0.8126, 0.811, 0.8098, 0.8151, 0.8137, 0.815, 0.8103, 0.811, 0.8098, 0.8127, 0.8158, 0.8149], [0.841, 0.8348, 0.8313, 0.8324, 0.8286, 0.8226, 0.8308, 0.8387, 0.833, 0.7721, 0.8258, 0.8325, 0.8301, 0.8303, 0.8392, 0.8347, 0.8133, 0.8273], [0.9043, 0.8988, 0.8831, 0.8953, 0.9012, 0.8988, 0.8967, 0.8973, 0.8962, 0.8975, 0.896, 0.8965, 0.8963, 0.894, 0.9021, 0.8957, 0.8971, 0.8978], [0.8151, 0.8152, 0.8163, 0.8183, 0.8189, 0.818, 0.8157, 0.8042, 0.3013, 0.8189, 0.7995, 0.8152, 0.8193, 0.817, 0.8175, 0.8144, 0.8172, 0.8184]]
Results: 	[[0.824, 0.8319, 0.8351, 0.8373, 0.8315, 0.8364, 0.8254, 0.8315, 0.8348, 0.8214, 0.8329, 0.8222, 0.835, 0.8308, 0.8329, 0.8295, 0.8284, 0.8293, 0.8109], [0.7907, 0.7952, 0.7956, 0.7931, 0.7994, 0.7891, 0.2261, 0.7903, 0.7908, 0.7931, 0.7879, 0.7798, 0.7915, 0.7833, 0.7853, 0.7915, 0.7828, 0.7948, 0.7865], [0.8122, 0.8116, 0.8121, 0.8038, 0.8135, 0.8119, 0.8126, 0.811, 0.8098, 0.8151, 0.8137, 0.815, 0.8103, 0.811, 0.8098, 0.8127, 0.8158, 0.8149, 0.8143], [0.841, 0.8348, 0.8313, 0.8324, 0.8286, 0.8226, 0.8308, 0.8387, 0.833, 0.7721, 0.8258, 0.8325, 0.8301, 0.8303, 0.8392, 0.8347, 0.8133, 0.8273, 0.8323], [0.9043, 0.8988, 0.8831, 0.8953, 0.9012, 0.8988, 0.8967, 0.8973, 0.8962, 0.8975, 0.896, 0.8965, 0.8963, 0.894, 0.9021, 0.8957, 0.8971, 0.8978, 0.8979], [0.8151, 0.8152, 0.8163, 0.8183, 0.8189, 0.818, 0.8157, 0.8042, 0.3013, 0.8189, 0.7995, 0.8152, 0.8193, 0.817, 0.8175, 0.8144, 0.8172, 0.8184, 0.8189]]
Results: 	[[0.824, 0.8319, 0.8351, 0.8373, 0.8315, 0.8364, 0.8254, 0.8315, 0.8348, 0.8214, 0.8329, 0.8222, 0.835, 0.8308, 0.8329, 0.8295, 0.8284, 0.8293, 0.8109, 0.8287], [0.7907, 0.7952, 0.7956, 0.7931, 0.7994, 0.7891, 0.2261, 0.7903, 0.7908, 0.7931, 0.7879, 0.7798, 0.7915, 0.7833, 0.7853, 0.7915, 0.7828, 0.7948, 0.7865, 0.7885], [0.8122, 0.8116, 0.8121, 0.8038, 0.8135, 0.8119, 0.8126, 0.811, 0.8098, 0.8151, 0.8137, 0.815, 0.8103, 0.811, 0.8098, 0.8127, 0.8158, 0.8149, 0.8143, 0.8127], [0.841, 0.8348, 0.8313, 0.8324, 0.8286, 0.8226, 0.8308, 0.8387, 0.833, 0.7721, 0.8258, 0.8325, 0.8301, 0.8303, 0.8392, 0.8347, 0.8133, 0.8273, 0.8323, 0.8302], [0.9043, 0.8988, 0.8831, 0.8953, 0.9012, 0.8988, 0.8967, 0.8973, 0.8962, 0.8975, 0.896, 0.8965, 0.8963, 0.894, 0.9021, 0.8957, 0.8971, 0.8978, 0.8979, 0.8893], [0.8151, 0.8152, 0.8163, 0.8183, 0.8189, 0.818, 0.8157, 0.8042, 0.3013, 0.8189, 0.7995, 0.8152, 0.8193, 0.817, 0.8175, 0.8144, 0.8172, 0.8184, 0.8189, 0.816]]
Results: 	[[0.824, 0.8319, 0.8351, 0.8373, 0.8315, 0.8364, 0.8254, 0.8315, 0.8348, 0.8214, 0.8329, 0.8222, 0.835, 0.8308, 0.8329, 0.8295, 0.8284, 0.8293, 0.8109, 0.8287, 0.8297], [0.7907, 0.7952, 0.7956, 0.7931, 0.7994, 0.7891, 0.2261, 0.7903, 0.7908, 0.7931, 0.7879, 0.7798, 0.7915, 0.7833, 0.7853, 0.7915, 0.7828, 0.7948, 0.7865, 0.7885, 0.3218], [0.8122, 0.8116, 0.8121, 0.8038, 0.8135, 0.8119, 0.8126, 0.811, 0.8098, 0.8151, 0.8137, 0.815, 0.8103, 0.811, 0.8098, 0.8127, 0.8158, 0.8149, 0.8143, 0.8127, 0.814], [0.841, 0.8348, 0.8313, 0.8324, 0.8286, 0.8226, 0.8308, 0.8387, 0.833, 0.7721, 0.8258, 0.8325, 0.8301, 0.8303, 0.8392, 0.8347, 0.8133, 0.8273, 0.8323, 0.8302, 0.8346], [0.9043, 0.8988, 0.8831, 0.8953, 0.9012, 0.8988, 0.8967, 0.8973, 0.8962, 0.8975, 0.896, 0.8965, 0.8963, 0.894, 0.9021, 0.8957, 0.8971, 0.8978, 0.8979, 0.8893, 0.896], [0.8151, 0.8152, 0.8163, 0.8183, 0.8189, 0.818, 0.8157, 0.8042, 0.3013, 0.8189, 0.7995, 0.8152, 0.8193, 0.817, 0.8175, 0.8144, 0.8172, 0.8184, 0.8189, 0.816, 0.8184]]
Results: 	[[0.824, 0.8319, 0.8351, 0.8373, 0.8315, 0.8364, 0.8254, 0.8315, 0.8348, 0.8214, 0.8329, 0.8222, 0.835, 0.8308, 0.8329, 0.8295, 0.8284, 0.8293, 0.8109, 0.8287, 0.8297, 0.8094], [0.7907, 0.7952, 0.7956, 0.7931, 0.7994, 0.7891, 0.2261, 0.7903, 0.7908, 0.7931, 0.7879, 0.7798, 0.7915, 0.7833, 0.7853, 0.7915, 0.7828, 0.7948, 0.7865, 0.7885, 0.3218, 0.7878], [0.8122, 0.8116, 0.8121, 0.8038, 0.8135, 0.8119, 0.8126, 0.811, 0.8098, 0.8151, 0.8137, 0.815, 0.8103, 0.811, 0.8098, 0.8127, 0.8158, 0.8149, 0.8143, 0.8127, 0.814, 0.8083], [0.841, 0.8348, 0.8313, 0.8324, 0.8286, 0.8226, 0.8308, 0.8387, 0.833, 0.7721, 0.8258, 0.8325, 0.8301, 0.8303, 0.8392, 0.8347, 0.8133, 0.8273, 0.8323, 0.8302, 0.8346, 0.8289], [0.9043, 0.8988, 0.8831, 0.8953, 0.9012, 0.8988, 0.8967, 0.8973, 0.8962, 0.8975, 0.896, 0.8965, 0.8963, 0.894, 0.9021, 0.8957, 0.8971, 0.8978, 0.8979, 0.8893, 0.896, 0.894], [0.8151, 0.8152, 0.8163, 0.8183, 0.8189, 0.818, 0.8157, 0.8042, 0.3013, 0.8189, 0.7995, 0.8152, 0.8193, 0.817, 0.8175, 0.8144, 0.8172, 0.8184, 0.8189, 0.816, 0.8184, 0.8176]]
Results: 	[[0.824, 0.8319, 0.8351, 0.8373, 0.8315, 0.8364, 0.8254, 0.8315, 0.8348, 0.8214, 0.8329, 0.8222, 0.835, 0.8308, 0.8329, 0.8295, 0.8284, 0.8293, 0.8109, 0.8287, 0.8297, 0.8094, 0.8219], [0.7907, 0.7952, 0.7956, 0.7931, 0.7994, 0.7891, 0.2261, 0.7903, 0.7908, 0.7931, 0.7879, 0.7798, 0.7915, 0.7833, 0.7853, 0.7915, 0.7828, 0.7948, 0.7865, 0.7885, 0.3218, 0.7878, 0.7932], [0.8122, 0.8116, 0.8121, 0.8038, 0.8135, 0.8119, 0.8126, 0.811, 0.8098, 0.8151, 0.8137, 0.815, 0.8103, 0.811, 0.8098, 0.8127, 0.8158, 0.8149, 0.8143, 0.8127, 0.814, 0.8083, 0.8081], [0.841, 0.8348, 0.8313, 0.8324, 0.8286, 0.8226, 0.8308, 0.8387, 0.833, 0.7721, 0.8258, 0.8325, 0.8301, 0.8303, 0.8392, 0.8347, 0.8133, 0.8273, 0.8323, 0.8302, 0.8346, 0.8289, 0.8236], [0.9043, 0.8988, 0.8831, 0.8953, 0.9012, 0.8988, 0.8967, 0.8973, 0.8962, 0.8975, 0.896, 0.8965, 0.8963, 0.894, 0.9021, 0.8957, 0.8971, 0.8978, 0.8979, 0.8893, 0.896, 0.894, 0.8946], [0.8151, 0.8152, 0.8163, 0.8183, 0.8189, 0.818, 0.8157, 0.8042, 0.3013, 0.8189, 0.7995, 0.8152, 0.8193, 0.817, 0.8175, 0.8144, 0.8172, 0.8184, 0.8189, 0.816, 0.8184, 0.8176, 0.8184]]
Results: 	[[0.824, 0.8319, 0.8351, 0.8373, 0.8315, 0.8364, 0.8254, 0.8315, 0.8348, 0.8214, 0.8329, 0.8222, 0.835, 0.8308, 0.8329, 0.8295, 0.8284, 0.8293, 0.8109, 0.8287, 0.8297, 0.8094, 0.8219, 0.4599], [0.7907, 0.7952, 0.7956, 0.7931, 0.7994, 0.7891, 0.2261, 0.7903, 0.7908, 0.7931, 0.7879, 0.7798, 0.7915, 0.7833, 0.7853, 0.7915, 0.7828, 0.7948, 0.7865, 0.7885, 0.3218, 0.7878, 0.7932, 0.7885], [0.8122, 0.8116, 0.8121, 0.8038, 0.8135, 0.8119, 0.8126, 0.811, 0.8098, 0.8151, 0.8137, 0.815, 0.8103, 0.811, 0.8098, 0.8127, 0.8158, 0.8149, 0.8143, 0.8127, 0.814, 0.8083, 0.8081, 0.806], [0.841, 0.8348, 0.8313, 0.8324, 0.8286, 0.8226, 0.8308, 0.8387, 0.833, 0.7721, 0.8258, 0.8325, 0.8301, 0.8303, 0.8392, 0.8347, 0.8133, 0.8273, 0.8323, 0.8302, 0.8346, 0.8289, 0.8236, 0.8363], [0.9043, 0.8988, 0.8831, 0.8953, 0.9012, 0.8988, 0.8967, 0.8973, 0.8962, 0.8975, 0.896, 0.8965, 0.8963, 0.894, 0.9021, 0.8957, 0.8971, 0.8978, 0.8979, 0.8893, 0.896, 0.894, 0.8946, 0.8985], [0.8151, 0.8152, 0.8163, 0.8183, 0.8189, 0.818, 0.8157, 0.8042, 0.3013, 0.8189, 0.7995, 0.8152, 0.8193, 0.817, 0.8175, 0.8144, 0.8172, 0.8184, 0.8189, 0.816, 0.8184, 0.8176, 0.8184, 0.8152]]
Results: 	[[0.824, 0.8319, 0.8351, 0.8373, 0.8315, 0.8364, 0.8254, 0.8315, 0.8348, 0.8214, 0.8329, 0.8222, 0.835, 0.8308, 0.8329, 0.8295, 0.8284, 0.8293, 0.8109, 0.8287, 0.8297, 0.8094, 0.8219, 0.4599, 0.8272], [0.7907, 0.7952, 0.7956, 0.7931, 0.7994, 0.7891, 0.2261, 0.7903, 0.7908, 0.7931, 0.7879, 0.7798, 0.7915, 0.7833, 0.7853, 0.7915, 0.7828, 0.7948, 0.7865, 0.7885, 0.3218, 0.7878, 0.7932, 0.7885, 0.7964], [0.8122, 0.8116, 0.8121, 0.8038, 0.8135, 0.8119, 0.8126, 0.811, 0.8098, 0.8151, 0.8137, 0.815, 0.8103, 0.811, 0.8098, 0.8127, 0.8158, 0.8149, 0.8143, 0.8127, 0.814, 0.8083, 0.8081, 0.806, 0.1953], [0.841, 0.8348, 0.8313, 0.8324, 0.8286, 0.8226, 0.8308, 0.8387, 0.833, 0.7721, 0.8258, 0.8325, 0.8301, 0.8303, 0.8392, 0.8347, 0.8133, 0.8273, 0.8323, 0.8302, 0.8346, 0.8289, 0.8236, 0.8363, 0.8308], [0.9043, 0.8988, 0.8831, 0.8953, 0.9012, 0.8988, 0.8967, 0.8973, 0.8962, 0.8975, 0.896, 0.8965, 0.8963, 0.894, 0.9021, 0.8957, 0.8971, 0.8978, 0.8979, 0.8893, 0.896, 0.894, 0.8946, 0.8985, 0.9012], [0.8151, 0.8152, 0.8163, 0.8183, 0.8189, 0.818, 0.8157, 0.8042, 0.3013, 0.8189, 0.7995, 0.8152, 0.8193, 0.817, 0.8175, 0.8144, 0.8172, 0.8184, 0.8189, 0.816, 0.8184, 0.8176, 0.8184, 0.8152, 0.8184]]
Results: 	[[0.824, 0.8319, 0.8351, 0.8373, 0.8315, 0.8364, 0.8254, 0.8315, 0.8348, 0.8214, 0.8329, 0.8222, 0.835, 0.8308, 0.8329, 0.8295, 0.8284, 0.8293, 0.8109, 0.8287, 0.8297, 0.8094, 0.8219, 0.4599, 0.8272, 0.8327], [0.7907, 0.7952, 0.7956, 0.7931, 0.7994, 0.7891, 0.2261, 0.7903, 0.7908, 0.7931, 0.7879, 0.7798, 0.7915, 0.7833, 0.7853, 0.7915, 0.7828, 0.7948, 0.7865, 0.7885, 0.3218, 0.7878, 0.7932, 0.7885, 0.7964, 0.7925], [0.8122, 0.8116, 0.8121, 0.8038, 0.8135, 0.8119, 0.8126, 0.811, 0.8098, 0.8151, 0.8137, 0.815, 0.8103, 0.811, 0.8098, 0.8127, 0.8158, 0.8149, 0.8143, 0.8127, 0.814, 0.8083, 0.8081, 0.806, 0.1953, 0.7891], [0.841, 0.8348, 0.8313, 0.8324, 0.8286, 0.8226, 0.8308, 0.8387, 0.833, 0.7721, 0.8258, 0.8325, 0.8301, 0.8303, 0.8392, 0.8347, 0.8133, 0.8273, 0.8323, 0.8302, 0.8346, 0.8289, 0.8236, 0.8363, 0.8308, 0.7481], [0.9043, 0.8988, 0.8831, 0.8953, 0.9012, 0.8988, 0.8967, 0.8973, 0.8962, 0.8975, 0.896, 0.8965, 0.8963, 0.894, 0.9021, 0.8957, 0.8971, 0.8978, 0.8979, 0.8893, 0.896, 0.894, 0.8946, 0.8985, 0.9012, 0.9001], [0.8151, 0.8152, 0.8163, 0.8183, 0.8189, 0.818, 0.8157, 0.8042, 0.3013, 0.8189, 0.7995, 0.8152, 0.8193, 0.817, 0.8175, 0.8144, 0.8172, 0.8184, 0.8189, 0.816, 0.8184, 0.8176, 0.8184, 0.8152, 0.8184, 0.8194]]
Results: 	[[0.824, 0.8319, 0.8351, 0.8373, 0.8315, 0.8364, 0.8254, 0.8315, 0.8348, 0.8214, 0.8329, 0.8222, 0.835, 0.8308, 0.8329, 0.8295, 0.8284, 0.8293, 0.8109, 0.8287, 0.8297, 0.8094, 0.8219, 0.4599, 0.8272, 0.8327, 0.787], [0.7907, 0.7952, 0.7956, 0.7931, 0.7994, 0.7891, 0.2261, 0.7903, 0.7908, 0.7931, 0.7879, 0.7798, 0.7915, 0.7833, 0.7853, 0.7915, 0.7828, 0.7948, 0.7865, 0.7885, 0.3218, 0.7878, 0.7932, 0.7885, 0.7964, 0.7925, 0.7895], [0.8122, 0.8116, 0.8121, 0.8038, 0.8135, 0.8119, 0.8126, 0.811, 0.8098, 0.8151, 0.8137, 0.815, 0.8103, 0.811, 0.8098, 0.8127, 0.8158, 0.8149, 0.8143, 0.8127, 0.814, 0.8083, 0.8081, 0.806, 0.1953, 0.7891, 0.8133], [0.841, 0.8348, 0.8313, 0.8324, 0.8286, 0.8226, 0.8308, 0.8387, 0.833, 0.7721, 0.8258, 0.8325, 0.8301, 0.8303, 0.8392, 0.8347, 0.8133, 0.8273, 0.8323, 0.8302, 0.8346, 0.8289, 0.8236, 0.8363, 0.8308, 0.7481, 0.8243], [0.9043, 0.8988, 0.8831, 0.8953, 0.9012, 0.8988, 0.8967, 0.8973, 0.8962, 0.8975, 0.896, 0.8965, 0.8963, 0.894, 0.9021, 0.8957, 0.8971, 0.8978, 0.8979, 0.8893, 0.896, 0.894, 0.8946, 0.8985, 0.9012, 0.9001, 0.8958], [0.8151, 0.8152, 0.8163, 0.8183, 0.8189, 0.818, 0.8157, 0.8042, 0.3013, 0.8189, 0.7995, 0.8152, 0.8193, 0.817, 0.8175, 0.8144, 0.8172, 0.8184, 0.8189, 0.816, 0.8184, 0.8176, 0.8184, 0.8152, 0.8184, 0.8194, 0.8185]]
Results: 	[[0.824, 0.8319, 0.8351, 0.8373, 0.8315, 0.8364, 0.8254, 0.8315, 0.8348, 0.8214, 0.8329, 0.8222, 0.835, 0.8308, 0.8329, 0.8295, 0.8284, 0.8293, 0.8109, 0.8287, 0.8297, 0.8094, 0.8219, 0.4599, 0.8272, 0.8327, 0.787, 0.8345], [0.7907, 0.7952, 0.7956, 0.7931, 0.7994, 0.7891, 0.2261, 0.7903, 0.7908, 0.7931, 0.7879, 0.7798, 0.7915, 0.7833, 0.7853, 0.7915, 0.7828, 0.7948, 0.7865, 0.7885, 0.3218, 0.7878, 0.7932, 0.7885, 0.7964, 0.7925, 0.7895, 0.7905], [0.8122, 0.8116, 0.8121, 0.8038, 0.8135, 0.8119, 0.8126, 0.811, 0.8098, 0.8151, 0.8137, 0.815, 0.8103, 0.811, 0.8098, 0.8127, 0.8158, 0.8149, 0.8143, 0.8127, 0.814, 0.8083, 0.8081, 0.806, 0.1953, 0.7891, 0.8133, 0.8144], [0.841, 0.8348, 0.8313, 0.8324, 0.8286, 0.8226, 0.8308, 0.8387, 0.833, 0.7721, 0.8258, 0.8325, 0.8301, 0.8303, 0.8392, 0.8347, 0.8133, 0.8273, 0.8323, 0.8302, 0.8346, 0.8289, 0.8236, 0.8363, 0.8308, 0.7481, 0.8243, 0.83], [0.9043, 0.8988, 0.8831, 0.8953, 0.9012, 0.8988, 0.8967, 0.8973, 0.8962, 0.8975, 0.896, 0.8965, 0.8963, 0.894, 0.9021, 0.8957, 0.8971, 0.8978, 0.8979, 0.8893, 0.896, 0.894, 0.8946, 0.8985, 0.9012, 0.9001, 0.8958, 0.8967], [0.8151, 0.8152, 0.8163, 0.8183, 0.8189, 0.818, 0.8157, 0.8042, 0.3013, 0.8189, 0.7995, 0.8152, 0.8193, 0.817, 0.8175, 0.8144, 0.8172, 0.8184, 0.8189, 0.816, 0.8184, 0.8176, 0.8184, 0.8152, 0.8184, 0.8194, 0.8185, 0.8184]]
Results: 	[[0.824, 0.8319, 0.8351, 0.8373, 0.8315, 0.8364, 0.8254, 0.8315, 0.8348, 0.8214, 0.8329, 0.8222, 0.835, 0.8308, 0.8329, 0.8295, 0.8284, 0.8293, 0.8109, 0.8287, 0.8297, 0.8094, 0.8219, 0.4599, 0.8272, 0.8327, 0.787, 0.8345, 0.8313], [0.7907, 0.7952, 0.7956, 0.7931, 0.7994, 0.7891, 0.2261, 0.7903, 0.7908, 0.7931, 0.7879, 0.7798, 0.7915, 0.7833, 0.7853, 0.7915, 0.7828, 0.7948, 0.7865, 0.7885, 0.3218, 0.7878, 0.7932, 0.7885, 0.7964, 0.7925, 0.7895, 0.7905, 0.7865], [0.8122, 0.8116, 0.8121, 0.8038, 0.8135, 0.8119, 0.8126, 0.811, 0.8098, 0.8151, 0.8137, 0.815, 0.8103, 0.811, 0.8098, 0.8127, 0.8158, 0.8149, 0.8143, 0.8127, 0.814, 0.8083, 0.8081, 0.806, 0.1953, 0.7891, 0.8133, 0.8144, 0.8094], [0.841, 0.8348, 0.8313, 0.8324, 0.8286, 0.8226, 0.8308, 0.8387, 0.833, 0.7721, 0.8258, 0.8325, 0.8301, 0.8303, 0.8392, 0.8347, 0.8133, 0.8273, 0.8323, 0.8302, 0.8346, 0.8289, 0.8236, 0.8363, 0.8308, 0.7481, 0.8243, 0.83, 0.8298], [0.9043, 0.8988, 0.8831, 0.8953, 0.9012, 0.8988, 0.8967, 0.8973, 0.8962, 0.8975, 0.896, 0.8965, 0.8963, 0.894, 0.9021, 0.8957, 0.8971, 0.8978, 0.8979, 0.8893, 0.896, 0.894, 0.8946, 0.8985, 0.9012, 0.9001, 0.8958, 0.8967, 0.8963], [0.8151, 0.8152, 0.8163, 0.8183, 0.8189, 0.818, 0.8157, 0.8042, 0.3013, 0.8189, 0.7995, 0.8152, 0.8193, 0.817, 0.8175, 0.8144, 0.8172, 0.8184, 0.8189, 0.816, 0.8184, 0.8176, 0.8184, 0.8152, 0.8184, 0.8194, 0.8185, 0.8184, 0.8157]]
Results: 	[[0.824, 0.8319, 0.8351, 0.8373, 0.8315, 0.8364, 0.8254, 0.8315, 0.8348, 0.8214, 0.8329, 0.8222, 0.835, 0.8308, 0.8329, 0.8295, 0.8284, 0.8293, 0.8109, 0.8287, 0.8297, 0.8094, 0.8219, 0.4599, 0.8272, 0.8327, 0.787, 0.8345, 0.8313, 0.8256], [0.7907, 0.7952, 0.7956, 0.7931, 0.7994, 0.7891, 0.2261, 0.7903, 0.7908, 0.7931, 0.7879, 0.7798, 0.7915, 0.7833, 0.7853, 0.7915, 0.7828, 0.7948, 0.7865, 0.7885, 0.3218, 0.7878, 0.7932, 0.7885, 0.7964, 0.7925, 0.7895, 0.7905, 0.7865, 0.7867], [0.8122, 0.8116, 0.8121, 0.8038, 0.8135, 0.8119, 0.8126, 0.811, 0.8098, 0.8151, 0.8137, 0.815, 0.8103, 0.811, 0.8098, 0.8127, 0.8158, 0.8149, 0.8143, 0.8127, 0.814, 0.8083, 0.8081, 0.806, 0.1953, 0.7891, 0.8133, 0.8144, 0.8094, 0.8136], [0.841, 0.8348, 0.8313, 0.8324, 0.8286, 0.8226, 0.8308, 0.8387, 0.833, 0.7721, 0.8258, 0.8325, 0.8301, 0.8303, 0.8392, 0.8347, 0.8133, 0.8273, 0.8323, 0.8302, 0.8346, 0.8289, 0.8236, 0.8363, 0.8308, 0.7481, 0.8243, 0.83, 0.8298, 0.8276], [0.9043, 0.8988, 0.8831, 0.8953, 0.9012, 0.8988, 0.8967, 0.8973, 0.8962, 0.8975, 0.896, 0.8965, 0.8963, 0.894, 0.9021, 0.8957, 0.8971, 0.8978, 0.8979, 0.8893, 0.896, 0.894, 0.8946, 0.8985, 0.9012, 0.9001, 0.8958, 0.8967, 0.8963, 0.8989], [0.8151, 0.8152, 0.8163, 0.8183, 0.8189, 0.818, 0.8157, 0.8042, 0.3013, 0.8189, 0.7995, 0.8152, 0.8193, 0.817, 0.8175, 0.8144, 0.8172, 0.8184, 0.8189, 0.816, 0.8184, 0.8176, 0.8184, 0.8152, 0.8184, 0.8194, 0.8185, 0.8184, 0.8157, 0.8173]]

-----------------------------------------------------------------
Task                                            Acc         F1      AUROC  (mean±std)
-----------------------------------------------------------------
Renal and urinary disorders              0.7196±0.0688  0.7492±0.0935  0.8150±0.0667
Pregnancy, puerperium and perinatal conditions 0.6862±0.1047  0.2856±0.0628  0.7556±0.1294
Ear and labyrinth disorders              0.7085±0.0791  0.6838±0.0978  0.7905±0.1106
Cardiac disorders                        0.7264±0.0507  0.7806±0.0669  0.8258±0.0186
Nervous system disorders                 0.7370±0.0754  0.8319±0.0569  0.8968±0.0038
Injury, poisoning and procedural complications 0.7087±0.0717  0.7569±0.0717  0.7991±0.0925

OVERALL AVERAGE                          0.7144              0.6813              0.8138
-----------------------------------------------------------------
