
=================================================================
Variant : GINEConv + FP  |  10-shot
Dataset : tox21  |  K_shot=10
Tasks   : ['SR-HSE', 'SR-MMP', 'SR-p53']
=================================================================
Results: 	[[0.7591], [0.8107], [0.7841]]
Results: 	[[0.7591, 0.7536], [0.8107, 0.813], [0.7841, 0.7897]]
Results: 	[[0.7591, 0.7536, 0.7645], [0.8107, 0.813, 0.8191], [0.7841, 0.7897, 0.7701]]
Results: 	[[0.7591, 0.7536, 0.7645, 0.7581], [0.8107, 0.813, 0.8191, 0.8092], [0.7841, 0.7897, 0.7701, 0.7824]]
Results: 	[[0.7591, 0.7536, 0.7645, 0.7581, 0.7596], [0.8107, 0.813, 0.8191, 0.8092, 0.806], [0.7841, 0.7897, 0.7701, 0.7824, 0.7925]]
Results: 	[[0.7591, 0.7536, 0.7645, 0.7581, 0.7596, 0.7689], [0.8107, 0.813, 0.8191, 0.8092, 0.806, 0.8012], [0.7841, 0.7897, 0.7701, 0.7824, 0.7925, 0.7967]]
Results: 	[[0.7591, 0.7536, 0.7645, 0.7581, 0.7596, 0.7689, 0.7583], [0.8107, 0.813, 0.8191, 0.8092, 0.806, 0.8012, 0.8144], [0.7841, 0.7897, 0.7701, 0.7824, 0.7925, 0.7967, 0.7961]]
Results: 	[[0.7591, 0.7536, 0.7645, 0.7581, 0.7596, 0.7689, 0.7583, 0.7555], [0.8107, 0.813, 0.8191, 0.8092, 0.806, 0.8012, 0.8144, 0.8176], [0.7841, 0.7897, 0.7701, 0.7824, 0.7925, 0.7967, 0.7961, 0.7895]]
Results: 	[[0.7591, 0.7536, 0.7645, 0.7581, 0.7596, 0.7689, 0.7583, 0.7555, 0.7575], [0.8107, 0.813, 0.8191, 0.8092, 0.806, 0.8012, 0.8144, 0.8176, 0.8195], [0.7841, 0.7897, 0.7701, 0.7824, 0.7925, 0.7967, 0.7961, 0.7895, 0.7849]]
Results: 	[[0.7591, 0.7536, 0.7645, 0.7581, 0.7596, 0.7689, 0.7583, 0.7555, 0.7575, 0.7612], [0.8107, 0.813, 0.8191, 0.8092, 0.806, 0.8012, 0.8144, 0.8176, 0.8195, 0.7772], [0.7841, 0.7897, 0.7701, 0.7824, 0.7925, 0.7967, 0.7961, 0.7895, 0.7849, 0.7867]]
Results: 	[[0.7591, 0.7536, 0.7645, 0.7581, 0.7596, 0.7689, 0.7583, 0.7555, 0.7575, 0.7612, 0.7667], [0.8107, 0.813, 0.8191, 0.8092, 0.806, 0.8012, 0.8144, 0.8176, 0.8195, 0.7772, 0.8119], [0.7841, 0.7897, 0.7701, 0.7824, 0.7925, 0.7967, 0.7961, 0.7895, 0.7849, 0.7867, 0.7993]]
Results: 	[[0.7591, 0.7536, 0.7645, 0.7581, 0.7596, 0.7689, 0.7583, 0.7555, 0.7575, 0.7612, 0.7667, 0.7479], [0.8107, 0.813, 0.8191, 0.8092, 0.806, 0.8012, 0.8144, 0.8176, 0.8195, 0.7772, 0.8119, 0.8179], [0.7841, 0.7897, 0.7701, 0.7824, 0.7925, 0.7967, 0.7961, 0.7895, 0.7849, 0.7867, 0.7993, 0.7895]]
Results: 	[[0.7591, 0.7536, 0.7645, 0.7581, 0.7596, 0.7689, 0.7583, 0.7555, 0.7575, 0.7612, 0.7667, 0.7479, 0.7695], [0.8107, 0.813, 0.8191, 0.8092, 0.806, 0.8012, 0.8144, 0.8176, 0.8195, 0.7772, 0.8119, 0.8179, 0.8155], [0.7841, 0.7897, 0.7701, 0.7824, 0.7925, 0.7967, 0.7961, 0.7895, 0.7849, 0.7867, 0.7993, 0.7895, 0.786]]
Results: 	[[0.7591, 0.7536, 0.7645, 0.7581, 0.7596, 0.7689, 0.7583, 0.7555, 0.7575, 0.7612, 0.7667, 0.7479, 0.7695, 0.7619], [0.8107, 0.813, 0.8191, 0.8092, 0.806, 0.8012, 0.8144, 0.8176, 0.8195, 0.7772, 0.8119, 0.8179, 0.8155, 0.8007], [0.7841, 0.7897, 0.7701, 0.7824, 0.7925, 0.7967, 0.7961, 0.7895, 0.7849, 0.7867, 0.7993, 0.7895, 0.786, 0.8021]]
Results: 	[[0.7591, 0.7536, 0.7645, 0.7581, 0.7596, 0.7689, 0.7583, 0.7555, 0.7575, 0.7612, 0.7667, 0.7479, 0.7695, 0.7619, 0.7594], [0.8107, 0.813, 0.8191, 0.8092, 0.806, 0.8012, 0.8144, 0.8176, 0.8195, 0.7772, 0.8119, 0.8179, 0.8155, 0.8007, 0.7893], [0.7841, 0.7897, 0.7701, 0.7824, 0.7925, 0.7967, 0.7961, 0.7895, 0.7849, 0.7867, 0.7993, 0.7895, 0.786, 0.8021, 0.7992]]
Results: 	[[0.7591, 0.7536, 0.7645, 0.7581, 0.7596, 0.7689, 0.7583, 0.7555, 0.7575, 0.7612, 0.7667, 0.7479, 0.7695, 0.7619, 0.7594, 0.7568], [0.8107, 0.813, 0.8191, 0.8092, 0.806, 0.8012, 0.8144, 0.8176, 0.8195, 0.7772, 0.8119, 0.8179, 0.8155, 0.8007, 0.7893, 0.8054], [0.7841, 0.7897, 0.7701, 0.7824, 0.7925, 0.7967, 0.7961, 0.7895, 0.7849, 0.7867, 0.7993, 0.7895, 0.786, 0.8021, 0.7992, 0.7878]]
Results: 	[[0.7591, 0.7536, 0.7645, 0.7581, 0.7596, 0.7689, 0.7583, 0.7555, 0.7575, 0.7612, 0.7667, 0.7479, 0.7695, 0.7619, 0.7594, 0.7568, 0.7593], [0.8107, 0.813, 0.8191, 0.8092, 0.806, 0.8012, 0.8144, 0.8176, 0.8195, 0.7772, 0.8119, 0.8179, 0.8155, 0.8007, 0.7893, 0.8054, 0.8208], [0.7841, 0.7897, 0.7701, 0.7824, 0.7925, 0.7967, 0.7961, 0.7895, 0.7849, 0.7867, 0.7993, 0.7895, 0.786, 0.8021, 0.7992, 0.7878, 0.7873]]
Results: 	[[0.7591, 0.7536, 0.7645, 0.7581, 0.7596, 0.7689, 0.7583, 0.7555, 0.7575, 0.7612, 0.7667, 0.7479, 0.7695, 0.7619, 0.7594, 0.7568, 0.7593, 0.7459], [0.8107, 0.813, 0.8191, 0.8092, 0.806, 0.8012, 0.8144, 0.8176, 0.8195, 0.7772, 0.8119, 0.8179, 0.8155, 0.8007, 0.7893, 0.8054, 0.8208, 0.811], [0.7841, 0.7897, 0.7701, 0.7824, 0.7925, 0.7967, 0.7961, 0.7895, 0.7849, 0.7867, 0.7993, 0.7895, 0.786, 0.8021, 0.7992, 0.7878, 0.7873, 0.8014]]
Results: 	[[0.7591, 0.7536, 0.7645, 0.7581, 0.7596, 0.7689, 0.7583, 0.7555, 0.7575, 0.7612, 0.7667, 0.7479, 0.7695, 0.7619, 0.7594, 0.7568, 0.7593, 0.7459, 0.7453], [0.8107, 0.813, 0.8191, 0.8092, 0.806, 0.8012, 0.8144, 0.8176, 0.8195, 0.7772, 0.8119, 0.8179, 0.8155, 0.8007, 0.7893, 0.8054, 0.8208, 0.811, 0.8209], [0.7841, 0.7897, 0.7701, 0.7824, 0.7925, 0.7967, 0.7961, 0.7895, 0.7849, 0.7867, 0.7993, 0.7895, 0.786, 0.8021, 0.7992, 0.7878, 0.7873, 0.8014, 0.7902]]
Results: 	[[0.7591, 0.7536, 0.7645, 0.7581, 0.7596, 0.7689, 0.7583, 0.7555, 0.7575, 0.7612, 0.7667, 0.7479, 0.7695, 0.7619, 0.7594, 0.7568, 0.7593, 0.7459, 0.7453, 0.7153], [0.8107, 0.813, 0.8191, 0.8092, 0.806, 0.8012, 0.8144, 0.8176, 0.8195, 0.7772, 0.8119, 0.8179, 0.8155, 0.8007, 0.7893, 0.8054, 0.8208, 0.811, 0.8209, 0.7376], [0.7841, 0.7897, 0.7701, 0.7824, 0.7925, 0.7967, 0.7961, 0.7895, 0.7849, 0.7867, 0.7993, 0.7895, 0.786, 0.8021, 0.7992, 0.7878, 0.7873, 0.8014, 0.7902, 0.797]]
Results: 	[[0.7591, 0.7536, 0.7645, 0.7581, 0.7596, 0.7689, 0.7583, 0.7555, 0.7575, 0.7612, 0.7667, 0.7479, 0.7695, 0.7619, 0.7594, 0.7568, 0.7593, 0.7459, 0.7453, 0.7153, 0.765], [0.8107, 0.813, 0.8191, 0.8092, 0.806, 0.8012, 0.8144, 0.8176, 0.8195, 0.7772, 0.8119, 0.8179, 0.8155, 0.8007, 0.7893, 0.8054, 0.8208, 0.811, 0.8209, 0.7376, 0.7832], [0.7841, 0.7897, 0.7701, 0.7824, 0.7925, 0.7967, 0.7961, 0.7895, 0.7849, 0.7867, 0.7993, 0.7895, 0.786, 0.8021, 0.7992, 0.7878, 0.7873, 0.8014, 0.7902, 0.797, 0.7957]]
Results: 	[[0.7591, 0.7536, 0.7645, 0.7581, 0.7596, 0.7689, 0.7583, 0.7555, 0.7575, 0.7612, 0.7667, 0.7479, 0.7695, 0.7619, 0.7594, 0.7568, 0.7593, 0.7459, 0.7453, 0.7153, 0.765, 0.7651], [0.8107, 0.813, 0.8191, 0.8092, 0.806, 0.8012, 0.8144, 0.8176, 0.8195, 0.7772, 0.8119, 0.8179, 0.8155, 0.8007, 0.7893, 0.8054, 0.8208, 0.811, 0.8209, 0.7376, 0.7832, 0.7451], [0.7841, 0.7897, 0.7701, 0.7824, 0.7925, 0.7967, 0.7961, 0.7895, 0.7849, 0.7867, 0.7993, 0.7895, 0.786, 0.8021, 0.7992, 0.7878, 0.7873, 0.8014, 0.7902, 0.797, 0.7957, 0.7963]]
Results: 	[[0.7591, 0.7536, 0.7645, 0.7581, 0.7596, 0.7689, 0.7583, 0.7555, 0.7575, 0.7612, 0.7667, 0.7479, 0.7695, 0.7619, 0.7594, 0.7568, 0.7593, 0.7459, 0.7453, 0.7153, 0.765, 0.7651, 0.7524], [0.8107, 0.813, 0.8191, 0.8092, 0.806, 0.8012, 0.8144, 0.8176, 0.8195, 0.7772, 0.8119, 0.8179, 0.8155, 0.8007, 0.7893, 0.8054, 0.8208, 0.811, 0.8209, 0.7376, 0.7832, 0.7451, 0.7936], [0.7841, 0.7897, 0.7701, 0.7824, 0.7925, 0.7967, 0.7961, 0.7895, 0.7849, 0.7867, 0.7993, 0.7895, 0.786, 0.8021, 0.7992, 0.7878, 0.7873, 0.8014, 0.7902, 0.797, 0.7957, 0.7963, 0.7888]]
Results: 	[[0.7591, 0.7536, 0.7645, 0.7581, 0.7596, 0.7689, 0.7583, 0.7555, 0.7575, 0.7612, 0.7667, 0.7479, 0.7695, 0.7619, 0.7594, 0.7568, 0.7593, 0.7459, 0.7453, 0.7153, 0.765, 0.7651, 0.7524, 0.753], [0.8107, 0.813, 0.8191, 0.8092, 0.806, 0.8012, 0.8144, 0.8176, 0.8195, 0.7772, 0.8119, 0.8179, 0.8155, 0.8007, 0.7893, 0.8054, 0.8208, 0.811, 0.8209, 0.7376, 0.7832, 0.7451, 0.7936, 0.8159], [0.7841, 0.7897, 0.7701, 0.7824, 0.7925, 0.7967, 0.7961, 0.7895, 0.7849, 0.7867, 0.7993, 0.7895, 0.786, 0.8021, 0.7992, 0.7878, 0.7873, 0.8014, 0.7902, 0.797, 0.7957, 0.7963, 0.7888, 0.7944]]
Results: 	[[0.7591, 0.7536, 0.7645, 0.7581, 0.7596, 0.7689, 0.7583, 0.7555, 0.7575, 0.7612, 0.7667, 0.7479, 0.7695, 0.7619, 0.7594, 0.7568, 0.7593, 0.7459, 0.7453, 0.7153, 0.765, 0.7651, 0.7524, 0.753, 0.7379], [0.8107, 0.813, 0.8191, 0.8092, 0.806, 0.8012, 0.8144, 0.8176, 0.8195, 0.7772, 0.8119, 0.8179, 0.8155, 0.8007, 0.7893, 0.8054, 0.8208, 0.811, 0.8209, 0.7376, 0.7832, 0.7451, 0.7936, 0.8159, 0.8152], [0.7841, 0.7897, 0.7701, 0.7824, 0.7925, 0.7967, 0.7961, 0.7895, 0.7849, 0.7867, 0.7993, 0.7895, 0.786, 0.8021, 0.7992, 0.7878, 0.7873, 0.8014, 0.7902, 0.797, 0.7957, 0.7963, 0.7888, 0.7944, 0.7933]]
Results: 	[[0.7591, 0.7536, 0.7645, 0.7581, 0.7596, 0.7689, 0.7583, 0.7555, 0.7575, 0.7612, 0.7667, 0.7479, 0.7695, 0.7619, 0.7594, 0.7568, 0.7593, 0.7459, 0.7453, 0.7153, 0.765, 0.7651, 0.7524, 0.753, 0.7379, 0.7621], [0.8107, 0.813, 0.8191, 0.8092, 0.806, 0.8012, 0.8144, 0.8176, 0.8195, 0.7772, 0.8119, 0.8179, 0.8155, 0.8007, 0.7893, 0.8054, 0.8208, 0.811, 0.8209, 0.7376, 0.7832, 0.7451, 0.7936, 0.8159, 0.8152, 0.8118], [0.7841, 0.7897, 0.7701, 0.7824, 0.7925, 0.7967, 0.7961, 0.7895, 0.7849, 0.7867, 0.7993, 0.7895, 0.786, 0.8021, 0.7992, 0.7878, 0.7873, 0.8014, 0.7902, 0.797, 0.7957, 0.7963, 0.7888, 0.7944, 0.7933, 0.796]]
Results: 	[[0.7591, 0.7536, 0.7645, 0.7581, 0.7596, 0.7689, 0.7583, 0.7555, 0.7575, 0.7612, 0.7667, 0.7479, 0.7695, 0.7619, 0.7594, 0.7568, 0.7593, 0.7459, 0.7453, 0.7153, 0.765, 0.7651, 0.7524, 0.753, 0.7379, 0.7621, 0.7651], [0.8107, 0.813, 0.8191, 0.8092, 0.806, 0.8012, 0.8144, 0.8176, 0.8195, 0.7772, 0.8119, 0.8179, 0.8155, 0.8007, 0.7893, 0.8054, 0.8208, 0.811, 0.8209, 0.7376, 0.7832, 0.7451, 0.7936, 0.8159, 0.8152, 0.8118, 0.8189], [0.7841, 0.7897, 0.7701, 0.7824, 0.7925, 0.7967, 0.7961, 0.7895, 0.7849, 0.7867, 0.7993, 0.7895, 0.786, 0.8021, 0.7992, 0.7878, 0.7873, 0.8014, 0.7902, 0.797, 0.7957, 0.7963, 0.7888, 0.7944, 0.7933, 0.796, 0.796]]
Results: 	[[0.7591, 0.7536, 0.7645, 0.7581, 0.7596, 0.7689, 0.7583, 0.7555, 0.7575, 0.7612, 0.7667, 0.7479, 0.7695, 0.7619, 0.7594, 0.7568, 0.7593, 0.7459, 0.7453, 0.7153, 0.765, 0.7651, 0.7524, 0.753, 0.7379, 0.7621, 0.7651, 0.7724], [0.8107, 0.813, 0.8191, 0.8092, 0.806, 0.8012, 0.8144, 0.8176, 0.8195, 0.7772, 0.8119, 0.8179, 0.8155, 0.8007, 0.7893, 0.8054, 0.8208, 0.811, 0.8209, 0.7376, 0.7832, 0.7451, 0.7936, 0.8159, 0.8152, 0.8118, 0.8189, 0.8083], [0.7841, 0.7897, 0.7701, 0.7824, 0.7925, 0.7967, 0.7961, 0.7895, 0.7849, 0.7867, 0.7993, 0.7895, 0.786, 0.8021, 0.7992, 0.7878, 0.7873, 0.8014, 0.7902, 0.797, 0.7957, 0.7963, 0.7888, 0.7944, 0.7933, 0.796, 0.796, 0.7927]]
Results: 	[[0.7591, 0.7536, 0.7645, 0.7581, 0.7596, 0.7689, 0.7583, 0.7555, 0.7575, 0.7612, 0.7667, 0.7479, 0.7695, 0.7619, 0.7594, 0.7568, 0.7593, 0.7459, 0.7453, 0.7153, 0.765, 0.7651, 0.7524, 0.753, 0.7379, 0.7621, 0.7651, 0.7724, 0.758], [0.8107, 0.813, 0.8191, 0.8092, 0.806, 0.8012, 0.8144, 0.8176, 0.8195, 0.7772, 0.8119, 0.8179, 0.8155, 0.8007, 0.7893, 0.8054, 0.8208, 0.811, 0.8209, 0.7376, 0.7832, 0.7451, 0.7936, 0.8159, 0.8152, 0.8118, 0.8189, 0.8083, 0.8031], [0.7841, 0.7897, 0.7701, 0.7824, 0.7925, 0.7967, 0.7961, 0.7895, 0.7849, 0.7867, 0.7993, 0.7895, 0.786, 0.8021, 0.7992, 0.7878, 0.7873, 0.8014, 0.7902, 0.797, 0.7957, 0.7963, 0.7888, 0.7944, 0.7933, 0.796, 0.796, 0.7927, 0.7781]]
Results: 	[[0.7591, 0.7536, 0.7645, 0.7581, 0.7596, 0.7689, 0.7583, 0.7555, 0.7575, 0.7612, 0.7667, 0.7479, 0.7695, 0.7619, 0.7594, 0.7568, 0.7593, 0.7459, 0.7453, 0.7153, 0.765, 0.7651, 0.7524, 0.753, 0.7379, 0.7621, 0.7651, 0.7724, 0.758, 0.7642], [0.8107, 0.813, 0.8191, 0.8092, 0.806, 0.8012, 0.8144, 0.8176, 0.8195, 0.7772, 0.8119, 0.8179, 0.8155, 0.8007, 0.7893, 0.8054, 0.8208, 0.811, 0.8209, 0.7376, 0.7832, 0.7451, 0.7936, 0.8159, 0.8152, 0.8118, 0.8189, 0.8083, 0.8031, 0.8002], [0.7841, 0.7897, 0.7701, 0.7824, 0.7925, 0.7967, 0.7961, 0.7895, 0.7849, 0.7867, 0.7993, 0.7895, 0.786, 0.8021, 0.7992, 0.7878, 0.7873, 0.8014, 0.7902, 0.797, 0.7957, 0.7963, 0.7888, 0.7944, 0.7933, 0.796, 0.796, 0.7927, 0.7781, 0.7862]]

-----------------------------------------------------------------
Task                                            Acc         F1      AUROC  (mean±std)
-----------------------------------------------------------------
SR-HSE                                   0.7727±0.0510  0.2374±0.0224  0.7573±0.0108
SR-MMP                                   0.7856±0.0432  0.5017±0.0293  0.8038±0.0199
SR-p53                                   0.8131±0.0347  0.2964±0.0252  0.7910±0.0069

OVERALL AVERAGE                          0.7905              0.3452              0.7840
-----------------------------------------------------------------
