
=================================================================
Variant : GINEConv + FP  |  5-shot
Dataset : tox21  |  K_shot=5
Tasks   : ['SR-HSE', 'SR-MMP', 'SR-p53']
=================================================================
Results: 	[[0.748], [0.8189], [0.7734]]
Results: 	[[0.748, 0.7479], [0.8189, 0.8042], [0.7734, 0.7796]]
Results: 	[[0.748, 0.7479, 0.7481], [0.8189, 0.8042, 0.8073], [0.7734, 0.7796, 0.7694]]
Results: 	[[0.748, 0.7479, 0.7481, 0.7571], [0.8189, 0.8042, 0.8073, 0.802], [0.7734, 0.7796, 0.7694, 0.7711]]
Results: 	[[0.748, 0.7479, 0.7481, 0.7571, 0.751], [0.8189, 0.8042, 0.8073, 0.802, 0.8161], [0.7734, 0.7796, 0.7694, 0.7711, 0.7725]]
Results: 	[[0.748, 0.7479, 0.7481, 0.7571, 0.751, 0.5551], [0.8189, 0.8042, 0.8073, 0.802, 0.8161, 0.7989], [0.7734, 0.7796, 0.7694, 0.7711, 0.7725, 0.7737]]
Results: 	[[0.748, 0.7479, 0.7481, 0.7571, 0.751, 0.5551, 0.7486], [0.8189, 0.8042, 0.8073, 0.802, 0.8161, 0.7989, 0.8162], [0.7734, 0.7796, 0.7694, 0.7711, 0.7725, 0.7737, 0.7694]]
Results: 	[[0.748, 0.7479, 0.7481, 0.7571, 0.751, 0.5551, 0.7486, 0.7352], [0.8189, 0.8042, 0.8073, 0.802, 0.8161, 0.7989, 0.8162, 0.5889], [0.7734, 0.7796, 0.7694, 0.7711, 0.7725, 0.7737, 0.7694, 0.77]]
Results: 	[[0.748, 0.7479, 0.7481, 0.7571, 0.751, 0.5551, 0.7486, 0.7352, 0.7515], [0.8189, 0.8042, 0.8073, 0.802, 0.8161, 0.7989, 0.8162, 0.5889, 0.816], [0.7734, 0.7796, 0.7694, 0.7711, 0.7725, 0.7737, 0.7694, 0.77, 0.7663]]
Results: 	[[0.748, 0.7479, 0.7481, 0.7571, 0.751, 0.5551, 0.7486, 0.7352, 0.7515, 0.7657], [0.8189, 0.8042, 0.8073, 0.802, 0.8161, 0.7989, 0.8162, 0.5889, 0.816, 0.8085], [0.7734, 0.7796, 0.7694, 0.7711, 0.7725, 0.7737, 0.7694, 0.77, 0.7663, 0.5392]]
Results: 	[[0.748, 0.7479, 0.7481, 0.7571, 0.751, 0.5551, 0.7486, 0.7352, 0.7515, 0.7657, 0.7564], [0.8189, 0.8042, 0.8073, 0.802, 0.8161, 0.7989, 0.8162, 0.5889, 0.816, 0.8085, 0.816], [0.7734, 0.7796, 0.7694, 0.7711, 0.7725, 0.7737, 0.7694, 0.77, 0.7663, 0.5392, 0.7451]]
Results: 	[[0.748, 0.7479, 0.7481, 0.7571, 0.751, 0.5551, 0.7486, 0.7352, 0.7515, 0.7657, 0.7564, 0.2579], [0.8189, 0.8042, 0.8073, 0.802, 0.8161, 0.7989, 0.8162, 0.5889, 0.816, 0.8085, 0.816, 0.8077], [0.7734, 0.7796, 0.7694, 0.7711, 0.7725, 0.7737, 0.7694, 0.77, 0.7663, 0.5392, 0.7451, 0.7765]]
Results: 	[[0.748, 0.7479, 0.7481, 0.7571, 0.751, 0.5551, 0.7486, 0.7352, 0.7515, 0.7657, 0.7564, 0.2579, 0.7557], [0.8189, 0.8042, 0.8073, 0.802, 0.8161, 0.7989, 0.8162, 0.5889, 0.816, 0.8085, 0.816, 0.8077, 0.8095], [0.7734, 0.7796, 0.7694, 0.7711, 0.7725, 0.7737, 0.7694, 0.77, 0.7663, 0.5392, 0.7451, 0.7765, 0.7624]]
Results: 	[[0.748, 0.7479, 0.7481, 0.7571, 0.751, 0.5551, 0.7486, 0.7352, 0.7515, 0.7657, 0.7564, 0.2579, 0.7557, 0.7583], [0.8189, 0.8042, 0.8073, 0.802, 0.8161, 0.7989, 0.8162, 0.5889, 0.816, 0.8085, 0.816, 0.8077, 0.8095, 0.7793], [0.7734, 0.7796, 0.7694, 0.7711, 0.7725, 0.7737, 0.7694, 0.77, 0.7663, 0.5392, 0.7451, 0.7765, 0.7624, 0.7185]]
Results: 	[[0.748, 0.7479, 0.7481, 0.7571, 0.751, 0.5551, 0.7486, 0.7352, 0.7515, 0.7657, 0.7564, 0.2579, 0.7557, 0.7583, 0.7514], [0.8189, 0.8042, 0.8073, 0.802, 0.8161, 0.7989, 0.8162, 0.5889, 0.816, 0.8085, 0.816, 0.8077, 0.8095, 0.7793, 0.8097], [0.7734, 0.7796, 0.7694, 0.7711, 0.7725, 0.7737, 0.7694, 0.77, 0.7663, 0.5392, 0.7451, 0.7765, 0.7624, 0.7185, 0.7689]]
Results: 	[[0.748, 0.7479, 0.7481, 0.7571, 0.751, 0.5551, 0.7486, 0.7352, 0.7515, 0.7657, 0.7564, 0.2579, 0.7557, 0.7583, 0.7514, 0.7544], [0.8189, 0.8042, 0.8073, 0.802, 0.8161, 0.7989, 0.8162, 0.5889, 0.816, 0.8085, 0.816, 0.8077, 0.8095, 0.7793, 0.8097, 0.8121], [0.7734, 0.7796, 0.7694, 0.7711, 0.7725, 0.7737, 0.7694, 0.77, 0.7663, 0.5392, 0.7451, 0.7765, 0.7624, 0.7185, 0.7689, 0.5291]]
Results: 	[[0.748, 0.7479, 0.7481, 0.7571, 0.751, 0.5551, 0.7486, 0.7352, 0.7515, 0.7657, 0.7564, 0.2579, 0.7557, 0.7583, 0.7514, 0.7544, 0.7091], [0.8189, 0.8042, 0.8073, 0.802, 0.8161, 0.7989, 0.8162, 0.5889, 0.816, 0.8085, 0.816, 0.8077, 0.8095, 0.7793, 0.8097, 0.8121, 0.8016], [0.7734, 0.7796, 0.7694, 0.7711, 0.7725, 0.7737, 0.7694, 0.77, 0.7663, 0.5392, 0.7451, 0.7765, 0.7624, 0.7185, 0.7689, 0.5291, 0.7868]]
Results: 	[[0.748, 0.7479, 0.7481, 0.7571, 0.751, 0.5551, 0.7486, 0.7352, 0.7515, 0.7657, 0.7564, 0.2579, 0.7557, 0.7583, 0.7514, 0.7544, 0.7091, 0.7536], [0.8189, 0.8042, 0.8073, 0.802, 0.8161, 0.7989, 0.8162, 0.5889, 0.816, 0.8085, 0.816, 0.8077, 0.8095, 0.7793, 0.8097, 0.8121, 0.8016, 0.7922], [0.7734, 0.7796, 0.7694, 0.7711, 0.7725, 0.7737, 0.7694, 0.77, 0.7663, 0.5392, 0.7451, 0.7765, 0.7624, 0.7185, 0.7689, 0.5291, 0.7868, 0.7884]]
Results: 	[[0.748, 0.7479, 0.7481, 0.7571, 0.751, 0.5551, 0.7486, 0.7352, 0.7515, 0.7657, 0.7564, 0.2579, 0.7557, 0.7583, 0.7514, 0.7544, 0.7091, 0.7536, 0.7451], [0.8189, 0.8042, 0.8073, 0.802, 0.8161, 0.7989, 0.8162, 0.5889, 0.816, 0.8085, 0.816, 0.8077, 0.8095, 0.7793, 0.8097, 0.8121, 0.8016, 0.7922, 0.7965], [0.7734, 0.7796, 0.7694, 0.7711, 0.7725, 0.7737, 0.7694, 0.77, 0.7663, 0.5392, 0.7451, 0.7765, 0.7624, 0.7185, 0.7689, 0.5291, 0.7868, 0.7884, 0.7725]]
Results: 	[[0.748, 0.7479, 0.7481, 0.7571, 0.751, 0.5551, 0.7486, 0.7352, 0.7515, 0.7657, 0.7564, 0.2579, 0.7557, 0.7583, 0.7514, 0.7544, 0.7091, 0.7536, 0.7451, 0.75], [0.8189, 0.8042, 0.8073, 0.802, 0.8161, 0.7989, 0.8162, 0.5889, 0.816, 0.8085, 0.816, 0.8077, 0.8095, 0.7793, 0.8097, 0.8121, 0.8016, 0.7922, 0.7965, 0.814], [0.7734, 0.7796, 0.7694, 0.7711, 0.7725, 0.7737, 0.7694, 0.77, 0.7663, 0.5392, 0.7451, 0.7765, 0.7624, 0.7185, 0.7689, 0.5291, 0.7868, 0.7884, 0.7725, 0.7842]]
Results: 	[[0.748, 0.7479, 0.7481, 0.7571, 0.751, 0.5551, 0.7486, 0.7352, 0.7515, 0.7657, 0.7564, 0.2579, 0.7557, 0.7583, 0.7514, 0.7544, 0.7091, 0.7536, 0.7451, 0.75, 0.7472], [0.8189, 0.8042, 0.8073, 0.802, 0.8161, 0.7989, 0.8162, 0.5889, 0.816, 0.8085, 0.816, 0.8077, 0.8095, 0.7793, 0.8097, 0.8121, 0.8016, 0.7922, 0.7965, 0.814, 0.8006], [0.7734, 0.7796, 0.7694, 0.7711, 0.7725, 0.7737, 0.7694, 0.77, 0.7663, 0.5392, 0.7451, 0.7765, 0.7624, 0.7185, 0.7689, 0.5291, 0.7868, 0.7884, 0.7725, 0.7842, 0.7854]]
Results: 	[[0.748, 0.7479, 0.7481, 0.7571, 0.751, 0.5551, 0.7486, 0.7352, 0.7515, 0.7657, 0.7564, 0.2579, 0.7557, 0.7583, 0.7514, 0.7544, 0.7091, 0.7536, 0.7451, 0.75, 0.7472, 0.7514], [0.8189, 0.8042, 0.8073, 0.802, 0.8161, 0.7989, 0.8162, 0.5889, 0.816, 0.8085, 0.816, 0.8077, 0.8095, 0.7793, 0.8097, 0.8121, 0.8016, 0.7922, 0.7965, 0.814, 0.8006, 0.8196], [0.7734, 0.7796, 0.7694, 0.7711, 0.7725, 0.7737, 0.7694, 0.77, 0.7663, 0.5392, 0.7451, 0.7765, 0.7624, 0.7185, 0.7689, 0.5291, 0.7868, 0.7884, 0.7725, 0.7842, 0.7854, 0.7785]]
Results: 	[[0.748, 0.7479, 0.7481, 0.7571, 0.751, 0.5551, 0.7486, 0.7352, 0.7515, 0.7657, 0.7564, 0.2579, 0.7557, 0.7583, 0.7514, 0.7544, 0.7091, 0.7536, 0.7451, 0.75, 0.7472, 0.7514, 0.7543], [0.8189, 0.8042, 0.8073, 0.802, 0.8161, 0.7989, 0.8162, 0.5889, 0.816, 0.8085, 0.816, 0.8077, 0.8095, 0.7793, 0.8097, 0.8121, 0.8016, 0.7922, 0.7965, 0.814, 0.8006, 0.8196, 0.8106], [0.7734, 0.7796, 0.7694, 0.7711, 0.7725, 0.7737, 0.7694, 0.77, 0.7663, 0.5392, 0.7451, 0.7765, 0.7624, 0.7185, 0.7689, 0.5291, 0.7868, 0.7884, 0.7725, 0.7842, 0.7854, 0.7785, 0.7736]]
Results: 	[[0.748, 0.7479, 0.7481, 0.7571, 0.751, 0.5551, 0.7486, 0.7352, 0.7515, 0.7657, 0.7564, 0.2579, 0.7557, 0.7583, 0.7514, 0.7544, 0.7091, 0.7536, 0.7451, 0.75, 0.7472, 0.7514, 0.7543, 0.7538], [0.8189, 0.8042, 0.8073, 0.802, 0.8161, 0.7989, 0.8162, 0.5889, 0.816, 0.8085, 0.816, 0.8077, 0.8095, 0.7793, 0.8097, 0.8121, 0.8016, 0.7922, 0.7965, 0.814, 0.8006, 0.8196, 0.8106, 0.8124], [0.7734, 0.7796, 0.7694, 0.7711, 0.7725, 0.7737, 0.7694, 0.77, 0.7663, 0.5392, 0.7451, 0.7765, 0.7624, 0.7185, 0.7689, 0.5291, 0.7868, 0.7884, 0.7725, 0.7842, 0.7854, 0.7785, 0.7736, 0.7819]]
Results: 	[[0.748, 0.7479, 0.7481, 0.7571, 0.751, 0.5551, 0.7486, 0.7352, 0.7515, 0.7657, 0.7564, 0.2579, 0.7557, 0.7583, 0.7514, 0.7544, 0.7091, 0.7536, 0.7451, 0.75, 0.7472, 0.7514, 0.7543, 0.7538, 0.7565], [0.8189, 0.8042, 0.8073, 0.802, 0.8161, 0.7989, 0.8162, 0.5889, 0.816, 0.8085, 0.816, 0.8077, 0.8095, 0.7793, 0.8097, 0.8121, 0.8016, 0.7922, 0.7965, 0.814, 0.8006, 0.8196, 0.8106, 0.8124, 0.7821], [0.7734, 0.7796, 0.7694, 0.7711, 0.7725, 0.7737, 0.7694, 0.77, 0.7663, 0.5392, 0.7451, 0.7765, 0.7624, 0.7185, 0.7689, 0.5291, 0.7868, 0.7884, 0.7725, 0.7842, 0.7854, 0.7785, 0.7736, 0.7819, 0.7631]]
Results: 	[[0.748, 0.7479, 0.7481, 0.7571, 0.751, 0.5551, 0.7486, 0.7352, 0.7515, 0.7657, 0.7564, 0.2579, 0.7557, 0.7583, 0.7514, 0.7544, 0.7091, 0.7536, 0.7451, 0.75, 0.7472, 0.7514, 0.7543, 0.7538, 0.7565, 0.7483], [0.8189, 0.8042, 0.8073, 0.802, 0.8161, 0.7989, 0.8162, 0.5889, 0.816, 0.8085, 0.816, 0.8077, 0.8095, 0.7793, 0.8097, 0.8121, 0.8016, 0.7922, 0.7965, 0.814, 0.8006, 0.8196, 0.8106, 0.8124, 0.7821, 0.3269], [0.7734, 0.7796, 0.7694, 0.7711, 0.7725, 0.7737, 0.7694, 0.77, 0.7663, 0.5392, 0.7451, 0.7765, 0.7624, 0.7185, 0.7689, 0.5291, 0.7868, 0.7884, 0.7725, 0.7842, 0.7854, 0.7785, 0.7736, 0.7819, 0.7631, 0.7732]]
Results: 	[[0.748, 0.7479, 0.7481, 0.7571, 0.751, 0.5551, 0.7486, 0.7352, 0.7515, 0.7657, 0.7564, 0.2579, 0.7557, 0.7583, 0.7514, 0.7544, 0.7091, 0.7536, 0.7451, 0.75, 0.7472, 0.7514, 0.7543, 0.7538, 0.7565, 0.7483, 0.7455], [0.8189, 0.8042, 0.8073, 0.802, 0.8161, 0.7989, 0.8162, 0.5889, 0.816, 0.8085, 0.816, 0.8077, 0.8095, 0.7793, 0.8097, 0.8121, 0.8016, 0.7922, 0.7965, 0.814, 0.8006, 0.8196, 0.8106, 0.8124, 0.7821, 0.3269, 0.7974], [0.7734, 0.7796, 0.7694, 0.7711, 0.7725, 0.7737, 0.7694, 0.77, 0.7663, 0.5392, 0.7451, 0.7765, 0.7624, 0.7185, 0.7689, 0.5291, 0.7868, 0.7884, 0.7725, 0.7842, 0.7854, 0.7785, 0.7736, 0.7819, 0.7631, 0.7732, 0.7702]]
Results: 	[[0.748, 0.7479, 0.7481, 0.7571, 0.751, 0.5551, 0.7486, 0.7352, 0.7515, 0.7657, 0.7564, 0.2579, 0.7557, 0.7583, 0.7514, 0.7544, 0.7091, 0.7536, 0.7451, 0.75, 0.7472, 0.7514, 0.7543, 0.7538, 0.7565, 0.7483, 0.7455, 0.7522], [0.8189, 0.8042, 0.8073, 0.802, 0.8161, 0.7989, 0.8162, 0.5889, 0.816, 0.8085, 0.816, 0.8077, 0.8095, 0.7793, 0.8097, 0.8121, 0.8016, 0.7922, 0.7965, 0.814, 0.8006, 0.8196, 0.8106, 0.8124, 0.7821, 0.3269, 0.7974, 0.8083], [0.7734, 0.7796, 0.7694, 0.7711, 0.7725, 0.7737, 0.7694, 0.77, 0.7663, 0.5392, 0.7451, 0.7765, 0.7624, 0.7185, 0.7689, 0.5291, 0.7868, 0.7884, 0.7725, 0.7842, 0.7854, 0.7785, 0.7736, 0.7819, 0.7631, 0.7732, 0.7702, 0.78]]
Results: 	[[0.748, 0.7479, 0.7481, 0.7571, 0.751, 0.5551, 0.7486, 0.7352, 0.7515, 0.7657, 0.7564, 0.2579, 0.7557, 0.7583, 0.7514, 0.7544, 0.7091, 0.7536, 0.7451, 0.75, 0.7472, 0.7514, 0.7543, 0.7538, 0.7565, 0.7483, 0.7455, 0.7522, 0.7443], [0.8189, 0.8042, 0.8073, 0.802, 0.8161, 0.7989, 0.8162, 0.5889, 0.816, 0.8085, 0.816, 0.8077, 0.8095, 0.7793, 0.8097, 0.8121, 0.8016, 0.7922, 0.7965, 0.814, 0.8006, 0.8196, 0.8106, 0.8124, 0.7821, 0.3269, 0.7974, 0.8083, 0.7938], [0.7734, 0.7796, 0.7694, 0.7711, 0.7725, 0.7737, 0.7694, 0.77, 0.7663, 0.5392, 0.7451, 0.7765, 0.7624, 0.7185, 0.7689, 0.5291, 0.7868, 0.7884, 0.7725, 0.7842, 0.7854, 0.7785, 0.7736, 0.7819, 0.7631, 0.7732, 0.7702, 0.78, 0.7813]]
Results: 	[[0.748, 0.7479, 0.7481, 0.7571, 0.751, 0.5551, 0.7486, 0.7352, 0.7515, 0.7657, 0.7564, 0.2579, 0.7557, 0.7583, 0.7514, 0.7544, 0.7091, 0.7536, 0.7451, 0.75, 0.7472, 0.7514, 0.7543, 0.7538, 0.7565, 0.7483, 0.7455, 0.7522, 0.7443, 0.2766], [0.8189, 0.8042, 0.8073, 0.802, 0.8161, 0.7989, 0.8162, 0.5889, 0.816, 0.8085, 0.816, 0.8077, 0.8095, 0.7793, 0.8097, 0.8121, 0.8016, 0.7922, 0.7965, 0.814, 0.8006, 0.8196, 0.8106, 0.8124, 0.7821, 0.3269, 0.7974, 0.8083, 0.7938, 0.7106], [0.7734, 0.7796, 0.7694, 0.7711, 0.7725, 0.7737, 0.7694, 0.77, 0.7663, 0.5392, 0.7451, 0.7765, 0.7624, 0.7185, 0.7689, 0.5291, 0.7868, 0.7884, 0.7725, 0.7842, 0.7854, 0.7785, 0.7736, 0.7819, 0.7631, 0.7732, 0.7702, 0.78, 0.7813, 0.7849]]

-----------------------------------------------------------------
Task                                            Acc         F1      AUROC  (mean±std)
-----------------------------------------------------------------
SR-HSE                                   0.6659±0.1248  0.1926±0.0471  0.7110±0.1240
SR-MMP                                   0.7359±0.1125  0.4604±0.0791  0.7793±0.0944
SR-p53                                   0.7165±0.1141  0.2363±0.0467  0.7563±0.0608

OVERALL AVERAGE                          0.7061              0.2964              0.7489
-----------------------------------------------------------------
