
=================================================================
Variant : GINEConv + FP  |  10-shot
Dataset : sider  |  K_shot=10
Tasks   : ['Renal and urinary disorders', 'Pregnancy, puerperium and perinatal conditions', 'Ear and labyrinth disorders', 'Cardiac disorders', 'Nervous system disorders', 'Injury, poisoning and procedural complications']
=================================================================
Results: 	[[0.8322], [0.7692], [0.8142], [0.821], [0.8674], [0.8063]]
Results: 	[[0.8322, 0.8367], [0.7692, 0.773], [0.8142, 0.8028], [0.821, 0.8266], [0.8674, 0.878], [0.8063, 0.8149]]
Results: 	[[0.8322, 0.8367, 0.8366], [0.7692, 0.773, 0.7704], [0.8142, 0.8028, 0.805], [0.821, 0.8266, 0.8198], [0.8674, 0.878, 0.8795], [0.8063, 0.8149, 0.8166]]
Results: 	[[0.8322, 0.8367, 0.8366, 0.8353], [0.7692, 0.773, 0.7704, 0.7643], [0.8142, 0.8028, 0.805, 0.8044], [0.821, 0.8266, 0.8198, 0.8201], [0.8674, 0.878, 0.8795, 0.8731], [0.8063, 0.8149, 0.8166, 0.8103]]
Results: 	[[0.8322, 0.8367, 0.8366, 0.8353, 0.838], [0.7692, 0.773, 0.7704, 0.7643, 0.7786], [0.8142, 0.8028, 0.805, 0.8044, 0.8097], [0.821, 0.8266, 0.8198, 0.8201, 0.8236], [0.8674, 0.878, 0.8795, 0.8731, 0.896], [0.8063, 0.8149, 0.8166, 0.8103, 0.8143]]
Results: 	[[0.8322, 0.8367, 0.8366, 0.8353, 0.838, 0.8362], [0.7692, 0.773, 0.7704, 0.7643, 0.7786, 0.7771], [0.8142, 0.8028, 0.805, 0.8044, 0.8097, 0.8159], [0.821, 0.8266, 0.8198, 0.8201, 0.8236, 0.8351], [0.8674, 0.878, 0.8795, 0.8731, 0.896, 0.8805], [0.8063, 0.8149, 0.8166, 0.8103, 0.8143, 0.812]]
Results: 	[[0.8322, 0.8367, 0.8366, 0.8353, 0.838, 0.8362, 0.8327], [0.7692, 0.773, 0.7704, 0.7643, 0.7786, 0.7771, 0.7688], [0.8142, 0.8028, 0.805, 0.8044, 0.8097, 0.8159, 0.8127], [0.821, 0.8266, 0.8198, 0.8201, 0.8236, 0.8351, 0.8291], [0.8674, 0.878, 0.8795, 0.8731, 0.896, 0.8805, 0.878], [0.8063, 0.8149, 0.8166, 0.8103, 0.8143, 0.812, 0.816]]
Results: 	[[0.8322, 0.8367, 0.8366, 0.8353, 0.838, 0.8362, 0.8327, 0.827], [0.7692, 0.773, 0.7704, 0.7643, 0.7786, 0.7771, 0.7688, 0.7905], [0.8142, 0.8028, 0.805, 0.8044, 0.8097, 0.8159, 0.8127, 0.8214], [0.821, 0.8266, 0.8198, 0.8201, 0.8236, 0.8351, 0.8291, 0.8158], [0.8674, 0.878, 0.8795, 0.8731, 0.896, 0.8805, 0.878, 0.8766], [0.8063, 0.8149, 0.8166, 0.8103, 0.8143, 0.812, 0.816, 0.81]]
Results: 	[[0.8322, 0.8367, 0.8366, 0.8353, 0.838, 0.8362, 0.8327, 0.827, 0.8366], [0.7692, 0.773, 0.7704, 0.7643, 0.7786, 0.7771, 0.7688, 0.7905, 0.779], [0.8142, 0.8028, 0.805, 0.8044, 0.8097, 0.8159, 0.8127, 0.8214, 0.8043], [0.821, 0.8266, 0.8198, 0.8201, 0.8236, 0.8351, 0.8291, 0.8158, 0.8141], [0.8674, 0.878, 0.8795, 0.8731, 0.896, 0.8805, 0.878, 0.8766, 0.8804], [0.8063, 0.8149, 0.8166, 0.8103, 0.8143, 0.812, 0.816, 0.81, 0.8131]]
Results: 	[[0.8322, 0.8367, 0.8366, 0.8353, 0.838, 0.8362, 0.8327, 0.827, 0.8366, 0.8351], [0.7692, 0.773, 0.7704, 0.7643, 0.7786, 0.7771, 0.7688, 0.7905, 0.779, 0.7622], [0.8142, 0.8028, 0.805, 0.8044, 0.8097, 0.8159, 0.8127, 0.8214, 0.8043, 0.8172], [0.821, 0.8266, 0.8198, 0.8201, 0.8236, 0.8351, 0.8291, 0.8158, 0.8141, 0.823], [0.8674, 0.878, 0.8795, 0.8731, 0.896, 0.8805, 0.878, 0.8766, 0.8804, 0.8777], [0.8063, 0.8149, 0.8166, 0.8103, 0.8143, 0.812, 0.816, 0.81, 0.8131, 0.8173]]
Results: 	[[0.8322, 0.8367, 0.8366, 0.8353, 0.838, 0.8362, 0.8327, 0.827, 0.8366, 0.8351, 0.8353], [0.7692, 0.773, 0.7704, 0.7643, 0.7786, 0.7771, 0.7688, 0.7905, 0.779, 0.7622, 0.7759], [0.8142, 0.8028, 0.805, 0.8044, 0.8097, 0.8159, 0.8127, 0.8214, 0.8043, 0.8172, 0.8063], [0.821, 0.8266, 0.8198, 0.8201, 0.8236, 0.8351, 0.8291, 0.8158, 0.8141, 0.823, 0.835], [0.8674, 0.878, 0.8795, 0.8731, 0.896, 0.8805, 0.878, 0.8766, 0.8804, 0.8777, 0.8717], [0.8063, 0.8149, 0.8166, 0.8103, 0.8143, 0.812, 0.816, 0.81, 0.8131, 0.8173, 0.8138]]
Results: 	[[0.8322, 0.8367, 0.8366, 0.8353, 0.838, 0.8362, 0.8327, 0.827, 0.8366, 0.8351, 0.8353, 0.8352], [0.7692, 0.773, 0.7704, 0.7643, 0.7786, 0.7771, 0.7688, 0.7905, 0.779, 0.7622, 0.7759, 0.7811], [0.8142, 0.8028, 0.805, 0.8044, 0.8097, 0.8159, 0.8127, 0.8214, 0.8043, 0.8172, 0.8063, 0.8131], [0.821, 0.8266, 0.8198, 0.8201, 0.8236, 0.8351, 0.8291, 0.8158, 0.8141, 0.823, 0.835, 0.8045], [0.8674, 0.878, 0.8795, 0.8731, 0.896, 0.8805, 0.878, 0.8766, 0.8804, 0.8777, 0.8717, 0.8935], [0.8063, 0.8149, 0.8166, 0.8103, 0.8143, 0.812, 0.816, 0.81, 0.8131, 0.8173, 0.8138, 0.8168]]
Results: 	[[0.8322, 0.8367, 0.8366, 0.8353, 0.838, 0.8362, 0.8327, 0.827, 0.8366, 0.8351, 0.8353, 0.8352, 0.811], [0.7692, 0.773, 0.7704, 0.7643, 0.7786, 0.7771, 0.7688, 0.7905, 0.779, 0.7622, 0.7759, 0.7811, 0.7953], [0.8142, 0.8028, 0.805, 0.8044, 0.8097, 0.8159, 0.8127, 0.8214, 0.8043, 0.8172, 0.8063, 0.8131, 0.8119], [0.821, 0.8266, 0.8198, 0.8201, 0.8236, 0.8351, 0.8291, 0.8158, 0.8141, 0.823, 0.835, 0.8045, 0.8236], [0.8674, 0.878, 0.8795, 0.8731, 0.896, 0.8805, 0.878, 0.8766, 0.8804, 0.8777, 0.8717, 0.8935, 0.8497], [0.8063, 0.8149, 0.8166, 0.8103, 0.8143, 0.812, 0.816, 0.81, 0.8131, 0.8173, 0.8138, 0.8168, 0.811]]
Results: 	[[0.8322, 0.8367, 0.8366, 0.8353, 0.838, 0.8362, 0.8327, 0.827, 0.8366, 0.8351, 0.8353, 0.8352, 0.811, 0.8343], [0.7692, 0.773, 0.7704, 0.7643, 0.7786, 0.7771, 0.7688, 0.7905, 0.779, 0.7622, 0.7759, 0.7811, 0.7953, 0.7728], [0.8142, 0.8028, 0.805, 0.8044, 0.8097, 0.8159, 0.8127, 0.8214, 0.8043, 0.8172, 0.8063, 0.8131, 0.8119, 0.8156], [0.821, 0.8266, 0.8198, 0.8201, 0.8236, 0.8351, 0.8291, 0.8158, 0.8141, 0.823, 0.835, 0.8045, 0.8236, 0.8234], [0.8674, 0.878, 0.8795, 0.8731, 0.896, 0.8805, 0.878, 0.8766, 0.8804, 0.8777, 0.8717, 0.8935, 0.8497, 0.8757], [0.8063, 0.8149, 0.8166, 0.8103, 0.8143, 0.812, 0.816, 0.81, 0.8131, 0.8173, 0.8138, 0.8168, 0.811, 0.8143]]
Results: 	[[0.8322, 0.8367, 0.8366, 0.8353, 0.838, 0.8362, 0.8327, 0.827, 0.8366, 0.8351, 0.8353, 0.8352, 0.811, 0.8343, 0.829], [0.7692, 0.773, 0.7704, 0.7643, 0.7786, 0.7771, 0.7688, 0.7905, 0.779, 0.7622, 0.7759, 0.7811, 0.7953, 0.7728, 0.7671], [0.8142, 0.8028, 0.805, 0.8044, 0.8097, 0.8159, 0.8127, 0.8214, 0.8043, 0.8172, 0.8063, 0.8131, 0.8119, 0.8156, 0.8105], [0.821, 0.8266, 0.8198, 0.8201, 0.8236, 0.8351, 0.8291, 0.8158, 0.8141, 0.823, 0.835, 0.8045, 0.8236, 0.8234, 0.8205], [0.8674, 0.878, 0.8795, 0.8731, 0.896, 0.8805, 0.878, 0.8766, 0.8804, 0.8777, 0.8717, 0.8935, 0.8497, 0.8757, 0.8729], [0.8063, 0.8149, 0.8166, 0.8103, 0.8143, 0.812, 0.816, 0.81, 0.8131, 0.8173, 0.8138, 0.8168, 0.811, 0.8143, 0.8091]]
Results: 	[[0.8322, 0.8367, 0.8366, 0.8353, 0.838, 0.8362, 0.8327, 0.827, 0.8366, 0.8351, 0.8353, 0.8352, 0.811, 0.8343, 0.829, 0.8368], [0.7692, 0.773, 0.7704, 0.7643, 0.7786, 0.7771, 0.7688, 0.7905, 0.779, 0.7622, 0.7759, 0.7811, 0.7953, 0.7728, 0.7671, 0.7814], [0.8142, 0.8028, 0.805, 0.8044, 0.8097, 0.8159, 0.8127, 0.8214, 0.8043, 0.8172, 0.8063, 0.8131, 0.8119, 0.8156, 0.8105, 0.819], [0.821, 0.8266, 0.8198, 0.8201, 0.8236, 0.8351, 0.8291, 0.8158, 0.8141, 0.823, 0.835, 0.8045, 0.8236, 0.8234, 0.8205, 0.8261], [0.8674, 0.878, 0.8795, 0.8731, 0.896, 0.8805, 0.878, 0.8766, 0.8804, 0.8777, 0.8717, 0.8935, 0.8497, 0.8757, 0.8729, 0.8776], [0.8063, 0.8149, 0.8166, 0.8103, 0.8143, 0.812, 0.816, 0.81, 0.8131, 0.8173, 0.8138, 0.8168, 0.811, 0.8143, 0.8091, 0.8094]]
Results: 	[[0.8322, 0.8367, 0.8366, 0.8353, 0.838, 0.8362, 0.8327, 0.827, 0.8366, 0.8351, 0.8353, 0.8352, 0.811, 0.8343, 0.829, 0.8368, 0.8384], [0.7692, 0.773, 0.7704, 0.7643, 0.7786, 0.7771, 0.7688, 0.7905, 0.779, 0.7622, 0.7759, 0.7811, 0.7953, 0.7728, 0.7671, 0.7814, 0.7769], [0.8142, 0.8028, 0.805, 0.8044, 0.8097, 0.8159, 0.8127, 0.8214, 0.8043, 0.8172, 0.8063, 0.8131, 0.8119, 0.8156, 0.8105, 0.819, 0.8167], [0.821, 0.8266, 0.8198, 0.8201, 0.8236, 0.8351, 0.8291, 0.8158, 0.8141, 0.823, 0.835, 0.8045, 0.8236, 0.8234, 0.8205, 0.8261, 0.8235], [0.8674, 0.878, 0.8795, 0.8731, 0.896, 0.8805, 0.878, 0.8766, 0.8804, 0.8777, 0.8717, 0.8935, 0.8497, 0.8757, 0.8729, 0.8776, 0.8786], [0.8063, 0.8149, 0.8166, 0.8103, 0.8143, 0.812, 0.816, 0.81, 0.8131, 0.8173, 0.8138, 0.8168, 0.811, 0.8143, 0.8091, 0.8094, 0.8122]]
Results: 	[[0.8322, 0.8367, 0.8366, 0.8353, 0.838, 0.8362, 0.8327, 0.827, 0.8366, 0.8351, 0.8353, 0.8352, 0.811, 0.8343, 0.829, 0.8368, 0.8384, 0.8361], [0.7692, 0.773, 0.7704, 0.7643, 0.7786, 0.7771, 0.7688, 0.7905, 0.779, 0.7622, 0.7759, 0.7811, 0.7953, 0.7728, 0.7671, 0.7814, 0.7769, 0.7696], [0.8142, 0.8028, 0.805, 0.8044, 0.8097, 0.8159, 0.8127, 0.8214, 0.8043, 0.8172, 0.8063, 0.8131, 0.8119, 0.8156, 0.8105, 0.819, 0.8167, 0.7952], [0.821, 0.8266, 0.8198, 0.8201, 0.8236, 0.8351, 0.8291, 0.8158, 0.8141, 0.823, 0.835, 0.8045, 0.8236, 0.8234, 0.8205, 0.8261, 0.8235, 0.8111], [0.8674, 0.878, 0.8795, 0.8731, 0.896, 0.8805, 0.878, 0.8766, 0.8804, 0.8777, 0.8717, 0.8935, 0.8497, 0.8757, 0.8729, 0.8776, 0.8786, 0.8657], [0.8063, 0.8149, 0.8166, 0.8103, 0.8143, 0.812, 0.816, 0.81, 0.8131, 0.8173, 0.8138, 0.8168, 0.811, 0.8143, 0.8091, 0.8094, 0.8122, 0.8051]]
Results: 	[[0.8322, 0.8367, 0.8366, 0.8353, 0.838, 0.8362, 0.8327, 0.827, 0.8366, 0.8351, 0.8353, 0.8352, 0.811, 0.8343, 0.829, 0.8368, 0.8384, 0.8361, 0.8338], [0.7692, 0.773, 0.7704, 0.7643, 0.7786, 0.7771, 0.7688, 0.7905, 0.779, 0.7622, 0.7759, 0.7811, 0.7953, 0.7728, 0.7671, 0.7814, 0.7769, 0.7696, 0.766], [0.8142, 0.8028, 0.805, 0.8044, 0.8097, 0.8159, 0.8127, 0.8214, 0.8043, 0.8172, 0.8063, 0.8131, 0.8119, 0.8156, 0.8105, 0.819, 0.8167, 0.7952, 0.818], [0.821, 0.8266, 0.8198, 0.8201, 0.8236, 0.8351, 0.8291, 0.8158, 0.8141, 0.823, 0.835, 0.8045, 0.8236, 0.8234, 0.8205, 0.8261, 0.8235, 0.8111, 0.833], [0.8674, 0.878, 0.8795, 0.8731, 0.896, 0.8805, 0.878, 0.8766, 0.8804, 0.8777, 0.8717, 0.8935, 0.8497, 0.8757, 0.8729, 0.8776, 0.8786, 0.8657, 0.8764], [0.8063, 0.8149, 0.8166, 0.8103, 0.8143, 0.812, 0.816, 0.81, 0.8131, 0.8173, 0.8138, 0.8168, 0.811, 0.8143, 0.8091, 0.8094, 0.8122, 0.8051, 0.8158]]
Results: 	[[0.8322, 0.8367, 0.8366, 0.8353, 0.838, 0.8362, 0.8327, 0.827, 0.8366, 0.8351, 0.8353, 0.8352, 0.811, 0.8343, 0.829, 0.8368, 0.8384, 0.8361, 0.8338, 0.839], [0.7692, 0.773, 0.7704, 0.7643, 0.7786, 0.7771, 0.7688, 0.7905, 0.779, 0.7622, 0.7759, 0.7811, 0.7953, 0.7728, 0.7671, 0.7814, 0.7769, 0.7696, 0.766, 0.764], [0.8142, 0.8028, 0.805, 0.8044, 0.8097, 0.8159, 0.8127, 0.8214, 0.8043, 0.8172, 0.8063, 0.8131, 0.8119, 0.8156, 0.8105, 0.819, 0.8167, 0.7952, 0.818, 0.802], [0.821, 0.8266, 0.8198, 0.8201, 0.8236, 0.8351, 0.8291, 0.8158, 0.8141, 0.823, 0.835, 0.8045, 0.8236, 0.8234, 0.8205, 0.8261, 0.8235, 0.8111, 0.833, 0.8197], [0.8674, 0.878, 0.8795, 0.8731, 0.896, 0.8805, 0.878, 0.8766, 0.8804, 0.8777, 0.8717, 0.8935, 0.8497, 0.8757, 0.8729, 0.8776, 0.8786, 0.8657, 0.8764, 0.8783], [0.8063, 0.8149, 0.8166, 0.8103, 0.8143, 0.812, 0.816, 0.81, 0.8131, 0.8173, 0.8138, 0.8168, 0.811, 0.8143, 0.8091, 0.8094, 0.8122, 0.8051, 0.8158, 0.8141]]
Results: 	[[0.8322, 0.8367, 0.8366, 0.8353, 0.838, 0.8362, 0.8327, 0.827, 0.8366, 0.8351, 0.8353, 0.8352, 0.811, 0.8343, 0.829, 0.8368, 0.8384, 0.8361, 0.8338, 0.839, 0.8358], [0.7692, 0.773, 0.7704, 0.7643, 0.7786, 0.7771, 0.7688, 0.7905, 0.779, 0.7622, 0.7759, 0.7811, 0.7953, 0.7728, 0.7671, 0.7814, 0.7769, 0.7696, 0.766, 0.764, 0.7671], [0.8142, 0.8028, 0.805, 0.8044, 0.8097, 0.8159, 0.8127, 0.8214, 0.8043, 0.8172, 0.8063, 0.8131, 0.8119, 0.8156, 0.8105, 0.819, 0.8167, 0.7952, 0.818, 0.802, 0.8098], [0.821, 0.8266, 0.8198, 0.8201, 0.8236, 0.8351, 0.8291, 0.8158, 0.8141, 0.823, 0.835, 0.8045, 0.8236, 0.8234, 0.8205, 0.8261, 0.8235, 0.8111, 0.833, 0.8197, 0.8297], [0.8674, 0.878, 0.8795, 0.8731, 0.896, 0.8805, 0.878, 0.8766, 0.8804, 0.8777, 0.8717, 0.8935, 0.8497, 0.8757, 0.8729, 0.8776, 0.8786, 0.8657, 0.8764, 0.8783, 0.8677], [0.8063, 0.8149, 0.8166, 0.8103, 0.8143, 0.812, 0.816, 0.81, 0.8131, 0.8173, 0.8138, 0.8168, 0.811, 0.8143, 0.8091, 0.8094, 0.8122, 0.8051, 0.8158, 0.8141, 0.8167]]
Results: 	[[0.8322, 0.8367, 0.8366, 0.8353, 0.838, 0.8362, 0.8327, 0.827, 0.8366, 0.8351, 0.8353, 0.8352, 0.811, 0.8343, 0.829, 0.8368, 0.8384, 0.8361, 0.8338, 0.839, 0.8358, 0.8332], [0.7692, 0.773, 0.7704, 0.7643, 0.7786, 0.7771, 0.7688, 0.7905, 0.779, 0.7622, 0.7759, 0.7811, 0.7953, 0.7728, 0.7671, 0.7814, 0.7769, 0.7696, 0.766, 0.764, 0.7671, 0.7762], [0.8142, 0.8028, 0.805, 0.8044, 0.8097, 0.8159, 0.8127, 0.8214, 0.8043, 0.8172, 0.8063, 0.8131, 0.8119, 0.8156, 0.8105, 0.819, 0.8167, 0.7952, 0.818, 0.802, 0.8098, 0.8112], [0.821, 0.8266, 0.8198, 0.8201, 0.8236, 0.8351, 0.8291, 0.8158, 0.8141, 0.823, 0.835, 0.8045, 0.8236, 0.8234, 0.8205, 0.8261, 0.8235, 0.8111, 0.833, 0.8197, 0.8297, 0.8673], [0.8674, 0.878, 0.8795, 0.8731, 0.896, 0.8805, 0.878, 0.8766, 0.8804, 0.8777, 0.8717, 0.8935, 0.8497, 0.8757, 0.8729, 0.8776, 0.8786, 0.8657, 0.8764, 0.8783, 0.8677, 0.8766], [0.8063, 0.8149, 0.8166, 0.8103, 0.8143, 0.812, 0.816, 0.81, 0.8131, 0.8173, 0.8138, 0.8168, 0.811, 0.8143, 0.8091, 0.8094, 0.8122, 0.8051, 0.8158, 0.8141, 0.8167, 0.8116]]
Results: 	[[0.8322, 0.8367, 0.8366, 0.8353, 0.838, 0.8362, 0.8327, 0.827, 0.8366, 0.8351, 0.8353, 0.8352, 0.811, 0.8343, 0.829, 0.8368, 0.8384, 0.8361, 0.8338, 0.839, 0.8358, 0.8332, 0.8346], [0.7692, 0.773, 0.7704, 0.7643, 0.7786, 0.7771, 0.7688, 0.7905, 0.779, 0.7622, 0.7759, 0.7811, 0.7953, 0.7728, 0.7671, 0.7814, 0.7769, 0.7696, 0.766, 0.764, 0.7671, 0.7762, 0.7748], [0.8142, 0.8028, 0.805, 0.8044, 0.8097, 0.8159, 0.8127, 0.8214, 0.8043, 0.8172, 0.8063, 0.8131, 0.8119, 0.8156, 0.8105, 0.819, 0.8167, 0.7952, 0.818, 0.802, 0.8098, 0.8112, 0.804], [0.821, 0.8266, 0.8198, 0.8201, 0.8236, 0.8351, 0.8291, 0.8158, 0.8141, 0.823, 0.835, 0.8045, 0.8236, 0.8234, 0.8205, 0.8261, 0.8235, 0.8111, 0.833, 0.8197, 0.8297, 0.8673, 0.8222], [0.8674, 0.878, 0.8795, 0.8731, 0.896, 0.8805, 0.878, 0.8766, 0.8804, 0.8777, 0.8717, 0.8935, 0.8497, 0.8757, 0.8729, 0.8776, 0.8786, 0.8657, 0.8764, 0.8783, 0.8677, 0.8766, 0.8758], [0.8063, 0.8149, 0.8166, 0.8103, 0.8143, 0.812, 0.816, 0.81, 0.8131, 0.8173, 0.8138, 0.8168, 0.811, 0.8143, 0.8091, 0.8094, 0.8122, 0.8051, 0.8158, 0.8141, 0.8167, 0.8116, 0.8098]]
Results: 	[[0.8322, 0.8367, 0.8366, 0.8353, 0.838, 0.8362, 0.8327, 0.827, 0.8366, 0.8351, 0.8353, 0.8352, 0.811, 0.8343, 0.829, 0.8368, 0.8384, 0.8361, 0.8338, 0.839, 0.8358, 0.8332, 0.8346, 0.8374], [0.7692, 0.773, 0.7704, 0.7643, 0.7786, 0.7771, 0.7688, 0.7905, 0.779, 0.7622, 0.7759, 0.7811, 0.7953, 0.7728, 0.7671, 0.7814, 0.7769, 0.7696, 0.766, 0.764, 0.7671, 0.7762, 0.7748, 0.7696], [0.8142, 0.8028, 0.805, 0.8044, 0.8097, 0.8159, 0.8127, 0.8214, 0.8043, 0.8172, 0.8063, 0.8131, 0.8119, 0.8156, 0.8105, 0.819, 0.8167, 0.7952, 0.818, 0.802, 0.8098, 0.8112, 0.804, 0.8068], [0.821, 0.8266, 0.8198, 0.8201, 0.8236, 0.8351, 0.8291, 0.8158, 0.8141, 0.823, 0.835, 0.8045, 0.8236, 0.8234, 0.8205, 0.8261, 0.8235, 0.8111, 0.833, 0.8197, 0.8297, 0.8673, 0.8222, 0.8237], [0.8674, 0.878, 0.8795, 0.8731, 0.896, 0.8805, 0.878, 0.8766, 0.8804, 0.8777, 0.8717, 0.8935, 0.8497, 0.8757, 0.8729, 0.8776, 0.8786, 0.8657, 0.8764, 0.8783, 0.8677, 0.8766, 0.8758, 0.8762], [0.8063, 0.8149, 0.8166, 0.8103, 0.8143, 0.812, 0.816, 0.81, 0.8131, 0.8173, 0.8138, 0.8168, 0.811, 0.8143, 0.8091, 0.8094, 0.8122, 0.8051, 0.8158, 0.8141, 0.8167, 0.8116, 0.8098, 0.8185]]
Results: 	[[0.8322, 0.8367, 0.8366, 0.8353, 0.838, 0.8362, 0.8327, 0.827, 0.8366, 0.8351, 0.8353, 0.8352, 0.811, 0.8343, 0.829, 0.8368, 0.8384, 0.8361, 0.8338, 0.839, 0.8358, 0.8332, 0.8346, 0.8374, 0.8324], [0.7692, 0.773, 0.7704, 0.7643, 0.7786, 0.7771, 0.7688, 0.7905, 0.779, 0.7622, 0.7759, 0.7811, 0.7953, 0.7728, 0.7671, 0.7814, 0.7769, 0.7696, 0.766, 0.764, 0.7671, 0.7762, 0.7748, 0.7696, 0.7805], [0.8142, 0.8028, 0.805, 0.8044, 0.8097, 0.8159, 0.8127, 0.8214, 0.8043, 0.8172, 0.8063, 0.8131, 0.8119, 0.8156, 0.8105, 0.819, 0.8167, 0.7952, 0.818, 0.802, 0.8098, 0.8112, 0.804, 0.8068, 0.8114], [0.821, 0.8266, 0.8198, 0.8201, 0.8236, 0.8351, 0.8291, 0.8158, 0.8141, 0.823, 0.835, 0.8045, 0.8236, 0.8234, 0.8205, 0.8261, 0.8235, 0.8111, 0.833, 0.8197, 0.8297, 0.8673, 0.8222, 0.8237, 0.8571], [0.8674, 0.878, 0.8795, 0.8731, 0.896, 0.8805, 0.878, 0.8766, 0.8804, 0.8777, 0.8717, 0.8935, 0.8497, 0.8757, 0.8729, 0.8776, 0.8786, 0.8657, 0.8764, 0.8783, 0.8677, 0.8766, 0.8758, 0.8762, 0.878], [0.8063, 0.8149, 0.8166, 0.8103, 0.8143, 0.812, 0.816, 0.81, 0.8131, 0.8173, 0.8138, 0.8168, 0.811, 0.8143, 0.8091, 0.8094, 0.8122, 0.8051, 0.8158, 0.8141, 0.8167, 0.8116, 0.8098, 0.8185, 0.8124]]
Results: 	[[0.8322, 0.8367, 0.8366, 0.8353, 0.838, 0.8362, 0.8327, 0.827, 0.8366, 0.8351, 0.8353, 0.8352, 0.811, 0.8343, 0.829, 0.8368, 0.8384, 0.8361, 0.8338, 0.839, 0.8358, 0.8332, 0.8346, 0.8374, 0.8324, 0.8338], [0.7692, 0.773, 0.7704, 0.7643, 0.7786, 0.7771, 0.7688, 0.7905, 0.779, 0.7622, 0.7759, 0.7811, 0.7953, 0.7728, 0.7671, 0.7814, 0.7769, 0.7696, 0.766, 0.764, 0.7671, 0.7762, 0.7748, 0.7696, 0.7805, 0.7647], [0.8142, 0.8028, 0.805, 0.8044, 0.8097, 0.8159, 0.8127, 0.8214, 0.8043, 0.8172, 0.8063, 0.8131, 0.8119, 0.8156, 0.8105, 0.819, 0.8167, 0.7952, 0.818, 0.802, 0.8098, 0.8112, 0.804, 0.8068, 0.8114, 0.8072], [0.821, 0.8266, 0.8198, 0.8201, 0.8236, 0.8351, 0.8291, 0.8158, 0.8141, 0.823, 0.835, 0.8045, 0.8236, 0.8234, 0.8205, 0.8261, 0.8235, 0.8111, 0.833, 0.8197, 0.8297, 0.8673, 0.8222, 0.8237, 0.8571, 0.8323], [0.8674, 0.878, 0.8795, 0.8731, 0.896, 0.8805, 0.878, 0.8766, 0.8804, 0.8777, 0.8717, 0.8935, 0.8497, 0.8757, 0.8729, 0.8776, 0.8786, 0.8657, 0.8764, 0.8783, 0.8677, 0.8766, 0.8758, 0.8762, 0.878, 0.8751], [0.8063, 0.8149, 0.8166, 0.8103, 0.8143, 0.812, 0.816, 0.81, 0.8131, 0.8173, 0.8138, 0.8168, 0.811, 0.8143, 0.8091, 0.8094, 0.8122, 0.8051, 0.8158, 0.8141, 0.8167, 0.8116, 0.8098, 0.8185, 0.8124, 0.8084]]
Results: 	[[0.8322, 0.8367, 0.8366, 0.8353, 0.838, 0.8362, 0.8327, 0.827, 0.8366, 0.8351, 0.8353, 0.8352, 0.811, 0.8343, 0.829, 0.8368, 0.8384, 0.8361, 0.8338, 0.839, 0.8358, 0.8332, 0.8346, 0.8374, 0.8324, 0.8338, 0.8231], [0.7692, 0.773, 0.7704, 0.7643, 0.7786, 0.7771, 0.7688, 0.7905, 0.779, 0.7622, 0.7759, 0.7811, 0.7953, 0.7728, 0.7671, 0.7814, 0.7769, 0.7696, 0.766, 0.764, 0.7671, 0.7762, 0.7748, 0.7696, 0.7805, 0.7647, 0.7766], [0.8142, 0.8028, 0.805, 0.8044, 0.8097, 0.8159, 0.8127, 0.8214, 0.8043, 0.8172, 0.8063, 0.8131, 0.8119, 0.8156, 0.8105, 0.819, 0.8167, 0.7952, 0.818, 0.802, 0.8098, 0.8112, 0.804, 0.8068, 0.8114, 0.8072, 0.811], [0.821, 0.8266, 0.8198, 0.8201, 0.8236, 0.8351, 0.8291, 0.8158, 0.8141, 0.823, 0.835, 0.8045, 0.8236, 0.8234, 0.8205, 0.8261, 0.8235, 0.8111, 0.833, 0.8197, 0.8297, 0.8673, 0.8222, 0.8237, 0.8571, 0.8323, 0.807], [0.8674, 0.878, 0.8795, 0.8731, 0.896, 0.8805, 0.878, 0.8766, 0.8804, 0.8777, 0.8717, 0.8935, 0.8497, 0.8757, 0.8729, 0.8776, 0.8786, 0.8657, 0.8764, 0.8783, 0.8677, 0.8766, 0.8758, 0.8762, 0.878, 0.8751, 0.8787], [0.8063, 0.8149, 0.8166, 0.8103, 0.8143, 0.812, 0.816, 0.81, 0.8131, 0.8173, 0.8138, 0.8168, 0.811, 0.8143, 0.8091, 0.8094, 0.8122, 0.8051, 0.8158, 0.8141, 0.8167, 0.8116, 0.8098, 0.8185, 0.8124, 0.8084, 0.8095]]
Results: 	[[0.8322, 0.8367, 0.8366, 0.8353, 0.838, 0.8362, 0.8327, 0.827, 0.8366, 0.8351, 0.8353, 0.8352, 0.811, 0.8343, 0.829, 0.8368, 0.8384, 0.8361, 0.8338, 0.839, 0.8358, 0.8332, 0.8346, 0.8374, 0.8324, 0.8338, 0.8231, 0.84], [0.7692, 0.773, 0.7704, 0.7643, 0.7786, 0.7771, 0.7688, 0.7905, 0.779, 0.7622, 0.7759, 0.7811, 0.7953, 0.7728, 0.7671, 0.7814, 0.7769, 0.7696, 0.766, 0.764, 0.7671, 0.7762, 0.7748, 0.7696, 0.7805, 0.7647, 0.7766, 0.7741], [0.8142, 0.8028, 0.805, 0.8044, 0.8097, 0.8159, 0.8127, 0.8214, 0.8043, 0.8172, 0.8063, 0.8131, 0.8119, 0.8156, 0.8105, 0.819, 0.8167, 0.7952, 0.818, 0.802, 0.8098, 0.8112, 0.804, 0.8068, 0.8114, 0.8072, 0.811, 0.806], [0.821, 0.8266, 0.8198, 0.8201, 0.8236, 0.8351, 0.8291, 0.8158, 0.8141, 0.823, 0.835, 0.8045, 0.8236, 0.8234, 0.8205, 0.8261, 0.8235, 0.8111, 0.833, 0.8197, 0.8297, 0.8673, 0.8222, 0.8237, 0.8571, 0.8323, 0.807, 0.8276], [0.8674, 0.878, 0.8795, 0.8731, 0.896, 0.8805, 0.878, 0.8766, 0.8804, 0.8777, 0.8717, 0.8935, 0.8497, 0.8757, 0.8729, 0.8776, 0.8786, 0.8657, 0.8764, 0.8783, 0.8677, 0.8766, 0.8758, 0.8762, 0.878, 0.8751, 0.8787, 0.8769], [0.8063, 0.8149, 0.8166, 0.8103, 0.8143, 0.812, 0.816, 0.81, 0.8131, 0.8173, 0.8138, 0.8168, 0.811, 0.8143, 0.8091, 0.8094, 0.8122, 0.8051, 0.8158, 0.8141, 0.8167, 0.8116, 0.8098, 0.8185, 0.8124, 0.8084, 0.8095, 0.8145]]
Results: 	[[0.8322, 0.8367, 0.8366, 0.8353, 0.838, 0.8362, 0.8327, 0.827, 0.8366, 0.8351, 0.8353, 0.8352, 0.811, 0.8343, 0.829, 0.8368, 0.8384, 0.8361, 0.8338, 0.839, 0.8358, 0.8332, 0.8346, 0.8374, 0.8324, 0.8338, 0.8231, 0.84, 0.8335], [0.7692, 0.773, 0.7704, 0.7643, 0.7786, 0.7771, 0.7688, 0.7905, 0.779, 0.7622, 0.7759, 0.7811, 0.7953, 0.7728, 0.7671, 0.7814, 0.7769, 0.7696, 0.766, 0.764, 0.7671, 0.7762, 0.7748, 0.7696, 0.7805, 0.7647, 0.7766, 0.7741, 0.7799], [0.8142, 0.8028, 0.805, 0.8044, 0.8097, 0.8159, 0.8127, 0.8214, 0.8043, 0.8172, 0.8063, 0.8131, 0.8119, 0.8156, 0.8105, 0.819, 0.8167, 0.7952, 0.818, 0.802, 0.8098, 0.8112, 0.804, 0.8068, 0.8114, 0.8072, 0.811, 0.806, 0.8165], [0.821, 0.8266, 0.8198, 0.8201, 0.8236, 0.8351, 0.8291, 0.8158, 0.8141, 0.823, 0.835, 0.8045, 0.8236, 0.8234, 0.8205, 0.8261, 0.8235, 0.8111, 0.833, 0.8197, 0.8297, 0.8673, 0.8222, 0.8237, 0.8571, 0.8323, 0.807, 0.8276, 0.8547], [0.8674, 0.878, 0.8795, 0.8731, 0.896, 0.8805, 0.878, 0.8766, 0.8804, 0.8777, 0.8717, 0.8935, 0.8497, 0.8757, 0.8729, 0.8776, 0.8786, 0.8657, 0.8764, 0.8783, 0.8677, 0.8766, 0.8758, 0.8762, 0.878, 0.8751, 0.8787, 0.8769, 0.8868], [0.8063, 0.8149, 0.8166, 0.8103, 0.8143, 0.812, 0.816, 0.81, 0.8131, 0.8173, 0.8138, 0.8168, 0.811, 0.8143, 0.8091, 0.8094, 0.8122, 0.8051, 0.8158, 0.8141, 0.8167, 0.8116, 0.8098, 0.8185, 0.8124, 0.8084, 0.8095, 0.8145, 0.7954]]
Results: 	[[0.8322, 0.8367, 0.8366, 0.8353, 0.838, 0.8362, 0.8327, 0.827, 0.8366, 0.8351, 0.8353, 0.8352, 0.811, 0.8343, 0.829, 0.8368, 0.8384, 0.8361, 0.8338, 0.839, 0.8358, 0.8332, 0.8346, 0.8374, 0.8324, 0.8338, 0.8231, 0.84, 0.8335, 0.8304], [0.7692, 0.773, 0.7704, 0.7643, 0.7786, 0.7771, 0.7688, 0.7905, 0.779, 0.7622, 0.7759, 0.7811, 0.7953, 0.7728, 0.7671, 0.7814, 0.7769, 0.7696, 0.766, 0.764, 0.7671, 0.7762, 0.7748, 0.7696, 0.7805, 0.7647, 0.7766, 0.7741, 0.7799, 0.78], [0.8142, 0.8028, 0.805, 0.8044, 0.8097, 0.8159, 0.8127, 0.8214, 0.8043, 0.8172, 0.8063, 0.8131, 0.8119, 0.8156, 0.8105, 0.819, 0.8167, 0.7952, 0.818, 0.802, 0.8098, 0.8112, 0.804, 0.8068, 0.8114, 0.8072, 0.811, 0.806, 0.8165, 0.7998], [0.821, 0.8266, 0.8198, 0.8201, 0.8236, 0.8351, 0.8291, 0.8158, 0.8141, 0.823, 0.835, 0.8045, 0.8236, 0.8234, 0.8205, 0.8261, 0.8235, 0.8111, 0.833, 0.8197, 0.8297, 0.8673, 0.8222, 0.8237, 0.8571, 0.8323, 0.807, 0.8276, 0.8547, 0.8306], [0.8674, 0.878, 0.8795, 0.8731, 0.896, 0.8805, 0.878, 0.8766, 0.8804, 0.8777, 0.8717, 0.8935, 0.8497, 0.8757, 0.8729, 0.8776, 0.8786, 0.8657, 0.8764, 0.8783, 0.8677, 0.8766, 0.8758, 0.8762, 0.878, 0.8751, 0.8787, 0.8769, 0.8868, 0.884], [0.8063, 0.8149, 0.8166, 0.8103, 0.8143, 0.812, 0.816, 0.81, 0.8131, 0.8173, 0.8138, 0.8168, 0.811, 0.8143, 0.8091, 0.8094, 0.8122, 0.8051, 0.8158, 0.8141, 0.8167, 0.8116, 0.8098, 0.8185, 0.8124, 0.8084, 0.8095, 0.8145, 0.7954, 0.7716]]

-----------------------------------------------------------------
Task                                            Acc         F1      AUROC  (mean±std)
-----------------------------------------------------------------
Renal and urinary disorders              0.7435±0.0333  0.7811±0.0473  0.8337±0.0055
Pregnancy, puerperium and perinatal conditions 0.6647±0.0718  0.2703±0.0216  0.7742±0.0075
Ear and labyrinth disorders              0.7293±0.0083  0.7164±0.0142  0.8100±0.0061
Cardiac disorders                        0.7361±0.0247  0.7930±0.0284  0.8267±0.0133
Nervous system disorders                 0.7802±0.0400  0.8664±0.0283  0.8768±0.0080
Injury, poisoning and procedural complications 0.7197±0.0302  0.7681±0.0421  0.8107±0.0085

OVERALL AVERAGE                          0.7289              0.6992              0.8220
-----------------------------------------------------------------
